Integer Overflow/Underflow Identified,Reentrancy Identified,Unchecked External Calls Identified,Unchecked Low-level Calls Identified,Transactions Order Dependence Identified,Timestamp Manipulation Identified,Predictable Randomness Identified,Unsafe `tx.origin` Identified,Unsafe Suicide Identified,Gas Limit Identified,Price Manipulation Identified,Assumption of Fixed-Length Array Identified,Lack of Withdrawal Function Identified,Lack of Authorization Identified,Potential Data Inconsistency Identified,Hash Collision Identified,Uninitialized Return Variable Identified,Misdeclared Constructor Identified,Missing 'onlyOwner' Modifier Identified,Misuse of `msg.value` within a Loop Identified,Precision Loss Identified,Redundant Conditional Check Identified,External Oracle Dependency Identified,Ownership Hijacking Identified,Centralization Risk Identified,Incorrect Funding Rate Calculation Identified,Flash Loan Fee Manipulation Identified,Misuse of Mapping Getter Identified,Lack of Getter Function Implementation Identified,Unnecessary Comparison Identified,Inconsistent Initialization Identified,Potential Inconsistency in Yield Source Swapping Identified,Incorrect Signer Verification Identified,Order of Inheritance Initialization Identified,Impracticality of Exact Match Identified,Inconsistent Base Tokens Identified,Handling Partial Withdrawals Identified,Fallback Function Identified,Unlimited Token Approval Identified,Lack of Input Validation Identified,DoS Vulnerability Identified
"<INFO> Integer Overflow/Underflow Identified.""
For each vulnerability identified, use the following format:
```
VULNERABILITY NAME or TYPE
'''
DETAILED DESCRIPTION of the vulnerability, along with recommended mitigation measures or fixes that do not require code upgrades.
'''
```
If you don't find any vulnerabilities, respond only with: ""","<INFO> Reentrancy Identified.""
For each vulnerability identified, use the following format:
```
VULNERABILITY NAME or TYPE
'''
DETAILED DESCRIPTION of the vulnerability, AND recommended mitigation/fix with no upgrade code
'''
```
If you don't find any vulnerabilities, respond only with: ""","<INFO> Unchecked External Calls Identified."".
For each vulnerability identified, use the following format:
```
VULNERABILITY NAME or TYPE
'''
DETAILED DESCRIPTION of the vulnerability, AND recommended mitigation/fix with no upgrade code
'''
```
If you don't find any vulnerabilities, respond only with: ""","<INFO> Unchecked Low-level Calls Identified."".
For each vulnerability identified, use the following format:
```
VULNERABILITY NAME or TYPE
'''
DETAILED DESCRIPTION of the vulnerability, AND recommended mitigation/fix with no upgrade code
'''
```
If you don't find any vulnerabilities, respond only with: ""","<INFO> Transactions Order Dependence Identified.""
For each vulnerability identified, use the following format:
```
VULNERABILITY NAME or TYPE
'''
DETAILED DESCRIPTION of the vulnerability, along with recommended mitigation measures or fixes that do not require code upgrades
'''
```
If you don't find any Transactions Order Dependence vulnerabilities, respond only with: ""","<INFO> Timestamp Manipulation Identified.""
For each vulnerability identified, use the following format:
```
VULNERABILITY NAME or TYPE
'''
DETAILED DESCRIPTION of the vulnerability, AND recommended mitigation/fix with no upgrade code
'''
```
If you don't find any vulnerabilities, respond only with: ""","<INFO> Predictable Randomness Identified.""
For each vulnerability identified, use the following format:
```
VULNERABILITY NAME or TYPE
'''
DETAILED DESCRIPTION of the vulnerability, AND recommended mitigation/fix with no upgrade code
'''
```
If you don't find any vulnerabilities, respond only with: ""","<INFO> Unsafe `tx.origin` Identified.""
For each vulnerability identified, use the following format:
```
VULNERABILITY NAME or TYPE
'''
DETAILED DESCRIPTION of the vulnerability, AND recommended mitigation/fix with no upgrade code
'''
```
If you don't find any vulnerabilities, respond only with: ""","<INFO> Unsafe Suicide Identified.""
For each vulnerability identified, use the following format:
```
VULNERABILITY NAME or TYPE
'''
DETAILED DESCRIPTION of the vulnerability, AND recommended mitigation/fix with no upgrade code
'''
```
If NO Lack of Restriction on `selfdestruct` is found, respond only with: ""","<INFO> Gas Limit Identified.""
For each vulnerability identified, use the following format:
```
VULNERABILITY NAME or TYPE
'''
DETAILED DESCRIPTION of the vulnerability, AND recommended mitigation/fix with no upgrade code
'''
```
If you don't find any vulnerabilities, respond only with: ""","<INFO> Price Manipulation Identified.""
For each vulnerability identified, use the following format:
```
VULNERABILITY NAME or TYPE
'''
DETAILED DESCRIPTION of the vulnerability, AND recommended mitigation/fix with no upgrade code.
'''
```
If you don't find any vulnerabilities, respond only with: ""","<INFO> Assumption of Fixed-Length Array Identified.""
For each vulnerability identified, use the following format:
```
VULNERABILITY NAME or TYPE
'''
DETAILED DESCRIPTION of the vulnerability, AND recommended mitigation/fix with no upgrade code.
'''
```
If you don't find any vulnerabilities, respond only with: ""","<INFO> Lack of Withdrawal Function Identified.""
For each vulnerability identified, use the following format:
```
VULNERABILITY NAME or TYPE
'''
DETAILED DESCRIPTION of the vulnerability, AND recommended mitigation/fix with no upgrade code
'''
```
If a secure withdrawal function is found and no issues are identified, respond only with: ""","<INFO> Lack of Authorization Identified.""
For each vulnerability identified, use the following format:
```
VULNERABILITY NAME or TYPE
'''
DETAILED DESCRIPTION of the vulnerability, AND recommended mitigation/fix with no upgrade code
'''
```
If NO Lack of Authorization vulnerabilities are found, respond only with: ""","<INFO> Potential Data Inconsistency Identified.""
For each vulnerability identified, use the following format:
```
VULNERABILITY NAME or TYPE
'''
DETAILED DESCRIPTION of the vulnerability, AND recommended mitigation/fix with no upgrade code
'''
```
If NO Potential Data Inconsistency vulnerabilities are found, respond only with: ""","<INFO> Hash Collision Identified.""
For each vulnerability identified, use the following format:
```
VULNERABILITY NAME or TYPE
'''
DETAILED DESCRIPTION of the vulnerability, AND recommended mitigation/fix with no upgrade code
'''
```
If NO Hash Collision vulnerabilities are found, respond only with: ""","<INFO> Uninitialized Return Variable Identified.""
For each vulnerability identified, use the following format:
```
VULNERABILITY NAME or TYPE
'''
DETAILED DESCRIPTION of the vulnerability, AND recommended mitigation/fix with no upgrade code
'''
```
If NO Uninitialized Return Variable vulnerabilities are found, respond only with: ""","<INFO> Misdeclared Constructor Identified.""
For each vulnerability identified, use the following format:
```
VULNERABILITY NAME or TYPE
'''
DETAILED DESCRIPTION of the vulnerability, AND recommended mitigation/fix with no upgrade code
'''
```
If NO Misdeclared Constructor vulnerabilities are found, respond only with: ""","<INFO> Missing 'onlyOwner' Modifier Identified.""
For each vulnerability identified, use the following format:
```
VULNERABILITY NAME or TYPE
'''
DETAILED DESCRIPTION of the vulnerability, AND recommended mitigation/fix with no upgrade code
'''
```
If you don't find any vulnerabilities, respond only with: ""","<INFO> Misuse of `msg.value` within a Loop Identified.""
For each vulnerability identified, use the following format:
```
VULNERABILITY NAME or TYPE
'''
DETAILED DESCRIPTION of the vulnerability, AND recommended mitigation/fix with no upgrade code
'''
```
If you don't find any vulnerabilities, respond only with: ""","<INFO> Precision Loss Identified.""
For each vulnerability identified, use the following format:
```
VULNERABILITY NAME or TYPE
'''
DETAILED DESCRIPTION of the vulnerability, AND recommended mitigation/fix with no upgrade code
'''
```
If you don't find any vulnerabilities, respond only with: ""","<INFO> Redundant Conditional Check Identified.""
For each vulnerability identified, use the following format:
```
VULNERABILITY NAME or TYPE
'''
DETAILED DESCRIPTION of the vulnerability, AND recommended mitigation/fix with no upgrade code
'''
```
If you don't find any vulnerabilities, respond only with: ""","<INFO> External Oracle Dependency Identified.""
For each vulnerability identified, use the following format:
```
VULNERABILITY NAME or TYPE
'''
DETAILED DESCRIPTION of the vulnerability, AND recommended mitigation/fix with no upgrade code
'''
```
If you don't find any vulnerabilities, respond only with: """,,"<INFO> Centralization Risk Identified.""
For each vulnerability identified, use the following format:
```
VULNERABILITY NAME or TYPE
'''
DETAILED DESCRIPTION of the vulnerability, AND recommended mitigation/fix with no upgrade code
'''
```
If you don't find any vulnerabilities, respond only with: ""","<INFO> Incorrect Funding Rate Calculation Identified.""
For each vulnerability identified, use the following format:
```
VULNERABILITY NAME or TYPE
'''
DETAILED DESCRIPTION of the vulnerability, AND recommended mitigation/fix with no upgrade code
'''
```
If you don't find any vulnerabilities, respond only with: ""","<INFO> Flash Loan Fee Manipulation Identified.""
For each vulnerability identified, use the following format:
```
VULNERABILITY NAME or TYPE
'''
DETAILED DESCRIPTION of the vulnerability, AND recommended mitigation/fix with no upgrade code
'''
```
If you don't find any vulnerabilities, respond only with: ""","<INFO> Misuse of Mapping Getter Identified.""
For each vulnerability identified, use the following format:
```
VULNERABILITY NAME or TYPE
'''
DETAILED DESCRIPTION of the vulnerability, AND recommended mitigation/fix with no upgrade code
'''
```
If you don't find any vulnerabilities, respond only with: ""","<INFO> Lack of Getter Function Implementation Identified.""
For each vulnerability identified, use the following format:
```
VULNERABILITY NAME or TYPE
'''
DETAILED DESCRIPTION of the vulnerability, AND recommended mitigation/fix with no upgrade code
'''
```
If you don't find any vulnerabilities, respond only with: ""","<INFO> Unnecessary Comparison Identified.""
For each vulnerability identified, use the following format:
```
VULNERABILITY NAME or TYPE
'''
DETAILED DESCRIPTION of the vulnerability, AND recommended mitigation/fix with no upgrade code
'''
```
If you don't find any vulnerabilities, respond only with: ""","<INFO> Inconsistent Initialization Identified.""
For each vulnerability identified, use the following format:
```
VULNERABILITY NAME or TYPE
'''
DETAILED DESCRIPTION of the vulnerability, AND recommended mitigation/fix with no upgrade code
'''
```
If you don't find any vulnerabilities, respond only with: ""","<INFO> Potential Inconsistency in Yield Source Swapping Identified.""
For each vulnerability identified, use the following format:
```
VULNERABILITY NAME or TYPE
'''
DETAILED DESCRIPTION of the vulnerability, AND recommended mitigation/fix with no upgrade code
'''
```
If you don't find any vulnerabilities, respond only with: ""","<INFO> Incorrect Signer Verification Identified.""
For each vulnerability identified, use the following format:
```
VULNERABILITY NAME or TYPE
'''
DETAILED DESCRIPTION of the vulnerability, AND recommended mitigation/fix with no upgrade code
'''
```
If you don't find any vulnerabilities, respond only with: ""","<INFO> Order of Inheritance Initialization Identified.""
For each vulnerability identified, use the following format:
```
VULNERABILITY NAME or TYPE
'''
DETAILED DESCRIPTION of the vulnerability, AND recommended mitigation/fix with no upgrade code
'''
```
If you don't find any vulnerabilities, respond only with: ""","<INFO> Impracticality of Exact Match Identified.""
For each vulnerability identified, use the following format:
```
VULNERABILITY NAME or TYPE
'''
DETAILED DESCRIPTION of the vulnerability, AND recommended mitigation/fix with no upgrade code
'''
```
If you don't find any vulnerabilities, respond only with: ""","<INFO> Inconsistent Base Tokens Identified.""
For each vulnerability identified, use the following format:
```
VULNERABILITY NAME or TYPE
'''
DETAILED DESCRIPTION of the vulnerability, AND recommended mitigation/fix with no upgrade code
'''
```
If you don't find any vulnerabilities, respond only with: ""","<INFO> Handling Partial Withdrawals Identified.""
For each vulnerability identified, use the following format:
```
VULNERABILITY NAME or TYPE
'''
DETAILED DESCRIPTION of the vulnerability, AND recommended mitigation/fix with no upgrade code
'''
```
If you don't find any vulnerabilities, respond only with: ""","<INFO> Fallback Function Identified.""
For each vulnerability identified, use the following format:
```
VULNERABILITY NAME or TYPE
'''
DETAILED DESCRIPTION of the vulnerability, AND recommended mitigation/fix with no upgrade code
'''
```
If you don't find any vulnerabilities, respond only with: ""","<INFO> Unlimited Token Approval Identified.""
For each vulnerability identified, use the following format:
```
VULNERABILITY NAME or TYPE
'''
DETAILED DESCRIPTION of the vulnerability, AND recommended mitigation/fix with no upgrade code
'''
```
If you don't find any vulnerabilities, respond only with: ""","<INFO> Lack of Input Validation Identified.""
For each vulnerability identified, use the following format:
```
VULNERABILITY NAME or TYPE
'''
DETAILED DESCRIPTION of the vulnerability, AND recommended mitigation/fix with no upgrade code
'''
```
If you don't find any vulnerabilities, respond only with: ""","<INFO> DoS Vulnerability Identified.""
For each vulnerability identified, use the following format:
```
VULNERABILITY NAME or TYPE
'''
DETAILED DESCRIPTION of the vulnerability, along with recommended mitigation measures or fixes that do not require code upgrades.
'''
```
If you don't find any vulnerabilities, respond only with: """
,,,,,,,,,,,,,,,,,,,,,,,,,,,,,,,,,,,,,,,"<INFO> Lack of Input Validation Identified.

```
LACK OF INPUT VALIDATION IN lockTokens FUNCTION
'''
The `lockTokens` function allows users to lock tokens without validating the input parameters. Specifically, the function does not check if the `user` address is a valid non-zero address, if the `asset` address is valid, or if the `amount` is greater than zero. This could lead to unexpected behavior, such as locking tokens for a zero address or locking a negative or zero amount of tokens, which can cause issues in the contract's state and lead to potential exploits.

Recommended Mitigation:
1. Validate that the `user` address is not a zero address before proceeding with the locking logic.
2. Ensure that the `asset` address is valid and not a zero address.
3. Check that the `amount` is greater than zero before allowing the locking of tokens.
'''

LACK OF INPUT VALIDATION IN unlockTokens FUNCTION
'''
The `unlockTokens` function also lacks input validation. It does not check if the `asset` address is valid or if the `amount` is greater than zero. This can lead to similar issues as mentioned above, allowing users to attempt to unlock tokens for a zero address or unlock a negative or zero amount of tokens.

Recommended Mitigation:
1. Validate that the `asset` address is not a zero address before proceeding with the unlocking logic.
2. Ensure that the `amount` is greater than zero before allowing the unlocking of tokens.
'''

LACK OF INPUT VALIDATION IN getTokensForShares FUNCTION
'''
The `getTokensForShares` function does not validate the `shares` parameter. If a user passes a zero or negative value, it could lead to unexpected results or calculations that do not make sense in the context of the contract's logic.

Recommended Mitigation:
1. Check that the `shares` parameter is greater than zero before performing any calculations.
2. Validate that the `asset` address is not a zero address to prevent invalid operations.
'''

LACK OF INPUT VALIDATION IN getSharesForTokens FUNCTION
'''
Similar to the previous functions, the `getSharesForTokens` function does not validate the `amount` parameter. Allowing zero or negative values can lead to incorrect calculations and potential vulnerabilities.

Recommended Mitigation:
1. Ensure that the `amount` parameter is greater than zero before proceeding with any calculations.
2. Validate that the `asset` address is not a zero address to prevent invalid operations.
'''
```

[2024-08-08 15:14:56 INFO] **[Seminar Conclusion]**:

 ",
,,,,,,,,,,,,,,,,,,,,,,,,,,,,,,,,,,,,,,,"<INFO> Lack of Input Validation Identified.

```
LACK OF INPUT VALIDATION IN lockTokens FUNCTION
'''
The `lockTokens` function allows users to lock tokens without validating the input parameters. Specifically, the function does not check if the `user` address is a valid non-zero address, if the `asset` address is valid, or if the `amount` is greater than zero. This could lead to unexpected behavior, such as locking tokens for a zero address or locking a negative or zero amount of tokens, which can cause issues in the contract's state and lead to potential exploits.

Recommended Mitigation:
1. Validate that the `user` address is not a zero address before proceeding with the locking logic.
2. Ensure that the `asset` address is valid and not a zero address.
3. Check that the `amount` is greater than zero before allowing the locking of tokens.
'''

LACK OF INPUT VALIDATION IN unlockTokens FUNCTION
'''
The `unlockTokens` function also lacks input validation. It does not check if the `asset` address is valid or if the `amount` is greater than zero. This can lead to similar issues as mentioned above, allowing users to attempt to unlock tokens for a zero address or unlock a negative or zero amount of tokens.

Recommended Mitigation:
1. Validate that the `asset` address is not a zero address before proceeding with the unlocking logic.
2. Ensure that the `amount` is greater than zero before allowing the unlocking of tokens.
'''

LACK OF INPUT VALIDATION IN getTokensForShares FUNCTION
'''
The `getTokensForShares` function does not validate the `shares` parameter. If a user passes a zero or negative value, it could lead to unexpected results or calculations that do not make sense in the context of the contract's logic.

Recommended Mitigation:
1. Check that the `shares` parameter is greater than zero before performing any calculations.
2. Validate that the `asset` address is not a zero address to prevent invalid operations.
'''

LACK OF INPUT VALIDATION IN getSharesForTokens FUNCTION
'''
Similar to the previous functions, the `getSharesForTokens` function does not validate the `amount` parameter. Allowing zero or negative values can lead to incorrect calculations and potential vulnerabilities.

Recommended Mitigation:
1. Ensure that the `amount` parameter is greater than zero before proceeding with any calculations.
2. Validate that the `asset` address is not a zero address to prevent invalid operations.
'''
```

[2024-08-08 15:14:56 INFO] **[Execute Detail]**

execute SimplePhase:[DoSDetector] in ComposedPhase:[CodeReview], cycle 1

[2024-08-08 15:14:56 INFO] System: **[chatting]**

| Parameter | Value |
| --- | --- |
| **task_prompt** | // SPDX-License-Identifier: MIT pragma solidity 0.7.6; interface IYield {     /      * @dev emitted when tokens are locked      * @param user the address of user, tokens locked for      * @param investedTo the address of contract to invest in      * @param lpTokensReceived the amount of shares received      /     event LockedTokens(address indexed user, address indexed investedTo, uint256 lpTokensReceived); /**  * @dev emitted when tokens are unlocked/redeemed  * @param investedTo the address of contract invested in  * @param collateralReceived the amount of underlying asset received  **/ event UnlockedTokens(address indexed investedTo, uint256 collateralReceived);  /**  * @notice emitted when a shares are unlocked from yield  * @param asset address of the base token for which shares are being withdrawn  * @param sharesReleased amount of shares unlocked  */ event UnlockedShares(address indexed asset, uint256 sharesReleased);  /**  * @notice emitted when savings account address is updated  * @param savingsAccount updated address of the savings account contract  */ event SavingsAccountUpdated(address indexed savingsAccount);  /**  * @dev Used to get liquidity token address from asset address  * @param asset the address of underlying token  * @return tokenAddress address of liquidity token  **/ function liquidityToken(address asset) external view returns (address tokenAddress);  /**  * @dev Used to lock tokens in available protocol  * @param user the address of user locking tokens  * @param asset the address of token to invest  * @param amount the amount of asset  * @return sharesReceived amount of shares received  **/ function lockTokens(     address user,     address asset,     uint256 amount ) external payable returns (uint256 sharesReceived);  /**  * @dev Used to unlock tokens from available protocol  * @param asset the address of underlying token  * @param amount the amount of liquidity shares to unlock  * @return tokensReceived amount of tokens received  **/ function unlockTokens(address asset, uint256 amount) external returns (uint256 tokensReceived);  function unlockShares(address asset, uint256 amount) external returns (uint256 received);  /**  * @dev Used to get amount of underlying tokens for current number of shares  * @param shares the amount of shares  * @param asset the address of token locked  * @return amount amount of underlying tokens  **/ function getTokensForShares(uint256 shares, address asset) external returns (uint256 amount);  function getSharesForTokens(uint256 amount, address asset) external returns (uint256 shares);  } |
| **need_reflect** | False |
| **assistant_role_name** | Security Analyst |
| **user_role_name** | Solidity Programming Expert |
| **phase_prompt** | Given the user's task and the brainstorming ideas provided: Task: ""Identify all potential DoS (Denial of Service) vulnerabilities in the provided Solidity smart contract."". Ideas: ""DoS vulnerabilities can manifest in various forms in Solidity contracts, such as Gas Limit DoS, External Call DoS, Block Gas Limit DoS, and State Dependency DoS."". As the {assistant_role}, your primary objective is to conduct a comprehensive inspection of the provided contract code, with a particular focus on identifying vulnerabilities related to Denial of Service (DoS). DoS vulnerabilities can occur in the following cases: 1. When loops have an unbounded iteration count, leading to potential gas exhaustion. 2. When the contract makes external calls that can fail or consume excessive gas. 3. When the contract depends on certain state conditions that can be manipulated by an attacker to cause failures. 4. When an attacker can send high-gas transactions to consume most of the block's gas limit, making it difficult for other transactions to be included in the block. Please conduct a thorough analysis, considering the following information: 1. Review the contract's code logic to identify any potential areas where unbounded loops might cause gas exhaustion. 2. Examine external calls in the contract and ensure they are handled properly to avoid excessive gas consumption or failures. 3. Analyze state-dependent logic to identify any potential manipulations that could cause DoS. 4. Consider the overall design of the contract to ensure it is resilient against high-gas transactions and other DoS tactics. If you identify any DoS vulnerabilities, respond with: "" DoS Vulnerability Identified."" For each vulnerability identified, use the following format: VULNERABILITY NAME or TYPE ''' DETAILED DESCRIPTION of the vulnerability, along with recommended mitigation measures or fixes that do not require code upgrades. ''' If you don't find any vulnerabilities, respond only with: "" No DoS Vulnerabilities."" |
| **phase_name** | DoSDetector |
| **assistant_role_prompt** | {chatdev_prompt} You are Security Analyst. Now, we are both working at ChatDev and share a common interest in collaborating to successfully execute a marketing strategy for a new customer. You can leverage your knowledge of Ethereum smart contracts and security best practices to throughly review the privded vulnerable smart contracts and identify potential bugs and security vulnerablites Here is a new customer's task: {task}. To complete the task,  you must write a response that appropriately solves the requested instruction based on your expertise and customer's needs. |
| **user_role_prompt** | {chatdev_prompt} You are Solidity Programming Expert. Now, we are both working at ChatDev and share a common interest in collaborating to successfully execute a marketing strategy for a new customer. You can analyze the code structure, logic, and implementation details of the contracts. You have extensive computing and coding experience in Solidity programming language. Here is a new customer's task: {task}. To complete the task,  you must write a response that appropriately solves the requested instruction based on your expertise and customer's needs. |
| **chat_turn_limit** | 1 |
| **placeholders** | {'cycle_num': 1, 'modification_conclusion': '', 'cycle_index': 1, 'task': '// SPDX-License-Identifier: MIT\npragma solidity 0.7.6;\n\ninterface IYield {\n    /\n     * @dev emitted when tokens are locked\n     * @param user the address of user, tokens locked for\n     * @param investedTo the address of contract to invest in\n     * @param lpTokensReceived the amount of shares received\n     /\n    event LockedTokens(address indexed user, address indexed investedTo, uint256 lpTokensReceived);\n\n    /\n     * @dev emitted when tokens are unlocked/redeemed\n     * @param investedTo the address of contract invested in\n     * @param collateralReceived the amount of underlying asset received\n     /\n    event UnlockedTokens(address indexed investedTo, uint256 collateralReceived);\n\n    /\n     * @notice emitted when a shares are unlocked from yield\n     * @param asset address of the base token for which shares are being withdrawn\n     * @param sharesReleased amount of shares unlocked\n     */\n    event UnlockedShares(address indexed asset, uint256 sharesReleased);\n\n    /\n     * @notice emitted when savings account address is updated\n     * @param savingsAccount updated address of the savings account contract\n     /\n    event SavingsAccountUpdated(address indexed savingsAccount);\n\n    /\n     * @dev Used to get liquidity token address from asset address\n     * @param asset the address of underlying token\n     * @return tokenAddress address of liquidity token\n     /\n    function liquidityToken(address asset) external view returns (address tokenAddress);\n\n    /\n     * @dev Used to lock tokens in available protocol\n     * @param user the address of user locking tokens\n     * @param asset the address of token to invest\n     * @param amount the amount of asset\n     * @return sharesReceived amount of shares received\n     /\n    function lockTokens(\n        address user,\n        address asset,\n        uint256 amount\n    ) external payable returns (uint256 sharesReceived);\n\n    /\n     * @dev Used to unlock tokens from available protocol\n     * @param asset the address of underlying token\n     * @param amount the amount of liquidity shares to unlock\n     * @return tokensReceived amount of tokens received\n     /\n    function unlockTokens(address asset, uint256 amount) external returns (uint256 tokensReceived);\n\n    function unlockShares(address asset, uint256 amount) external returns (uint256 received);\n\n    /\n     * @dev Used to get amount of underlying tokens for current number of shares\n     * @param shares the amount of shares\n     * @param asset the address of token locked\n     * @return amount amount of underlying tokens\n     */\n    function getTokensForShares(uint256 shares, address asset) external returns (uint256 amount);\n\n    function getSharesForTokens(uint256 amount, address asset) external returns (uint256 shares);\n}\n', 'ideas': "" Lack of Input Validation Identified.\n\n\nLACK OF INPUT VALIDATION IN lockTokens FUNCTION\n'''\nThe `lockTokens` function allows users to lock tokens without validating the input parameters. Specifically, the function does not check if the `user` address is a valid non-zero address, if the `asset` address is valid, or if the `amount` is greater than zero. This could lead to unexpected behavior, such as locking tokens for a zero address or locking a negative or zero amount of tokens, which can cause issues in the contract's state and lead to potential exploits.\n\nRecommended Mitigation:\n1. Validate that the `user` address is not a zero address before proceeding with the locking logic.\n2. Ensure that the `asset` address is valid and not a zero address.\n3. Check that the `amount` is greater than zero before allowing the locking of tokens.\n'''\n\nLACK OF INPUT VALIDATION IN unlockTokens FUNCTION\n'''\nThe `unlockTokens` function also lacks input validation. It does not check if the `asset` address is valid or if the `amount` is greater than zero. This can lead to similar issues as mentioned above, allowing users to attempt to unlock tokens for a zero address or unlock a negative or zero amount of tokens.\n\nRecommended Mitigation:\n1. Validate that the `asset` address is not a zero address before proceeding with the unlocking logic.\n2. Ensure that the `amount` is greater than zero before allowing the unlocking of tokens.\n'''\n\nLACK OF INPUT VALIDATION IN getTokensForShares FUNCTION\n'''\nThe `getTokensForShares` function does not validate the `shares` parameter. If a user passes a zero or negative value, it could lead to unexpected results or calculations that do not make sense in the context of the contract's logic.\n\nRecommended Mitigation:\n1. Check that the `shares` parameter is greater than zero before performing any calculations.\n2. Validate that the `asset` address is not a zero address to prevent invalid operations.\n'''\n\nLACK OF INPUT VALIDATION IN getSharesForTokens FUNCTION\n'''\nSimilar to the previous functions, the `getSharesForTokens` function does not validate the `amount` parameter. Allowing zero or negative values can lead to incorrect calculations and potential vulnerabilities.\n\nRecommended Mitigation:\n1. Ensure that the `amount` parameter is greater than zero before proceeding with any calculations.\n2. Validate that the `asset` address is not a zero address to prevent invalid operations.\n'''\n""} |
| **memory** | No existed memory |
| **model_type** | ModelType.GPT_4_O_MINI |

[2024-08-08 15:14:56 INFO] System: **[RolePlaying]**

| Parameter | Value |
| --- | --- |
| **assistant_role_name** | Security Analyst |
| **user_role_name** | Solidity Programming Expert |
| **assistant_role_prompt** | {chatdev_prompt} You are Security Analyst. Now, we are both working at ChatDev and share a common interest in collaborating to successfully execute a marketing strategy for a new customer. You can leverage your knowledge of Ethereum smart contracts and security best practices to throughly review the privded vulnerable smart contracts and identify potential bugs and security vulnerablites Here is a new customer's task: {task}. To complete the task,  you must write a response that appropriately solves the requested instruction based on your expertise and customer's needs. |
| **user_role_prompt** | {chatdev_prompt} You are Solidity Programming Expert. Now, we are both working at ChatDev and share a common interest in collaborating to successfully execute a marketing strategy for a new customer. You can analyze the code structure, logic, and implementation details of the contracts. You have extensive computing and coding experience in Solidity programming language. Here is a new customer's task: {task}. To complete the task,  you must write a response that appropriately solves the requested instruction based on your expertise and customer's needs. |
| **task_prompt** | // SPDX-License-Identifier: MIT pragma solidity 0.7.6; interface IYield {     /      * @dev emitted when tokens are locked      * @param user the address of user, tokens locked for      * @param investedTo the address of contract to invest in      * @param lpTokensReceived the amount of shares received      /     event LockedTokens(address indexed user, address indexed investedTo, uint256 lpTokensReceived); /**  * @dev emitted when tokens are unlocked/redeemed  * @param investedTo the address of contract invested in  * @param collateralReceived the amount of underlying asset received  **/ event UnlockedTokens(address indexed investedTo, uint256 collateralReceived);  /**  * @notice emitted when a shares are unlocked from yield  * @param asset address of the base token for which shares are being withdrawn  * @param sharesReleased amount of shares unlocked  */ event UnlockedShares(address indexed asset, uint256 sharesReleased);  /**  * @notice emitted when savings account address is updated  * @param savingsAccount updated address of the savings account contract  */ event SavingsAccountUpdated(address indexed savingsAccount);  /**  * @dev Used to get liquidity token address from asset address  * @param asset the address of underlying token  * @return tokenAddress address of liquidity token  **/ function liquidityToken(address asset) external view returns (address tokenAddress);  /**  * @dev Used to lock tokens in available protocol  * @param user the address of user locking tokens  * @param asset the address of token to invest  * @param amount the amount of asset  * @return sharesReceived amount of shares received  **/ function lockTokens(     address user,     address asset,     uint256 amount ) external payable returns (uint256 sharesReceived);  /**  * @dev Used to unlock tokens from available protocol  * @param asset the address of underlying token  * @param amount the amount of liquidity shares to unlock  * @return tokensReceived amount of tokens received  **/ function unlockTokens(address asset, uint256 amount) external returns (uint256 tokensReceived);  function unlockShares(address asset, uint256 amount) external returns (uint256 received);  /**  * @dev Used to get amount of underlying tokens for current number of shares  * @param shares the amount of shares  * @param asset the address of token locked  * @return amount amount of underlying tokens  **/ function getTokensForShares(uint256 shares, address asset) external returns (uint256 amount);  function getSharesForTokens(uint256 amount, address asset) external returns (uint256 shares);  } |
| **with_task_specify** | False |
| **memory** | No existed memory |
| **model_type** | ModelType.GPT_4_O_MINI |
| **background_prompt** | We are a specialized team that audits Solidity smart contracts using an advanced multi-agent system. Our approach combines the expertise of project management, smart contract counseling, auditing, and Solidity programming to deliver comprehensive and reliable contract assessments. |

[2024-08-08 15:14:56 INFO] Solidity Programming Expert: **[Start Chat]**

[We are a specialized team that audits Solidity smart contracts using an advanced multi-agent system. Our approach combines the expertise of project management, smart contract counseling, auditing, and Solidity programming to deliver comprehensive and reliable contract assessments.
You are Security Analyst. Now, we are both working at ChatDev and share a common interest in collaborating to successfully execute a marketing strategy for a new customer.
You can leverage your knowledge of Ethereum smart contracts and security best practices to throughly review the privded vulnerable smart contracts and identify potential bugs and security vulnerablites
Here is a new customer's task: // SPDX-License-Identifier: MIT
pragma solidity 0.7.6;

interface IYield {
    /**
     * @dev emitted when tokens are locked
     * @param user the address of user, tokens locked for
     * @param investedTo the address of contract to invest in
     * @param lpTokensReceived the amount of shares received
     **/
    event LockedTokens(address indexed user, address indexed investedTo, uint256 lpTokensReceived);

    /**
     * @dev emitted when tokens are unlocked/redeemed
     * @param investedTo the address of contract invested in
     * @param collateralReceived the amount of underlying asset received
     **/
    event UnlockedTokens(address indexed investedTo, uint256 collateralReceived);

    /**
     * @notice emitted when a shares are unlocked from yield
     * @param asset address of the base token for which shares are being withdrawn
     * @param sharesReleased amount of shares unlocked
     */
    event UnlockedShares(address indexed asset, uint256 sharesReleased);

    /**
     * @notice emitted when savings account address is updated
     * @param savingsAccount updated address of the savings account contract
     */
    event SavingsAccountUpdated(address indexed savingsAccount);

    /**
     * @dev Used to get liquidity token address from asset address
     * @param asset the address of underlying token
     * @return tokenAddress address of liquidity token
     **/
    function liquidityToken(address asset) external view returns (address tokenAddress);

    /**
     * @dev Used to lock tokens in available protocol
     * @param user the address of user locking tokens
     * @param asset the address of token to invest
     * @param amount the amount of asset
     * @return sharesReceived amount of shares received
     **/
    function lockTokens(
        address user,
        address asset,
        uint256 amount
    ) external payable returns (uint256 sharesReceived);

    /**
     * @dev Used to unlock tokens from available protocol
     * @param asset the address of underlying token
     * @param amount the amount of liquidity shares to unlock
     * @return tokensReceived amount of tokens received
     **/
    function unlockTokens(address asset, uint256 amount) external returns (uint256 tokensReceived);

    function unlockShares(address asset, uint256 amount) external returns (uint256 received);

    /**
     * @dev Used to get amount of underlying tokens for current number of shares
     * @param shares the amount of shares
     * @param asset the address of token locked
     * @return amount amount of underlying tokens
     **/
    function getTokensForShares(uint256 shares, address asset) external returns (uint256 amount);

    function getSharesForTokens(uint256 amount, address asset) external returns (uint256 shares);
}
.
To complete the task,  you must write a response that appropriately solves the requested instruction based on your expertise and customer's needs.]

Given the user's task and the brainstorming ideas provided:
Task: ""Identify all potential DoS (Denial of Service) vulnerabilities in the provided Solidity smart contract."".
Ideas: ""DoS vulnerabilities can manifest in various forms in Solidity contracts, such as Gas Limit DoS, External Call DoS, Block Gas Limit DoS, and State Dependency DoS."".
As the Security Analyst, your primary objective is to conduct a comprehensive inspection of the provided contract code, with a particular focus on identifying vulnerabilities related to Denial of Service (DoS). DoS vulnerabilities can occur in the following cases:
1. When loops have an unbounded iteration count, leading to potential gas exhaustion.
2. When the contract makes external calls that can fail or consume excessive gas.
3. When the contract depends on certain state conditions that can be manipulated by an attacker to cause failures.
4. When an attacker can send high-gas transactions to consume most of the block's gas limit, making it difficult for other transactions to be included in the block.
Please conduct a thorough analysis, considering the following information:
1. Review the contract's code logic to identify any potential areas where unbounded loops might cause gas exhaustion.
2. Examine external calls in the contract and ensure they are handled properly to avoid excessive gas consumption or failures.
3. Analyze state-dependent logic to identify any potential manipulations that could cause DoS.
4. Consider the overall design of the contract to ensure it is resilient against high-gas transactions and other DoS tactics.
If you identify any DoS vulnerabilities, respond with: """,
