Integer Overflow/Underflow Identified,Reentrancy Identified,Unchecked External Calls Identified,Unchecked Low-level Calls Identified,Transactions Order Dependence Identified,Timestamp Manipulation Identified,Predictable Randomness Identified,Unsafe `tx.origin` Identified,Unsafe Suicide Identified,Gas Limit Identified,Price Manipulation Identified,Assumption of Fixed-Length Array Identified,Lack of Withdrawal Function Identified,Lack of Authorization Identified,Potential Data Inconsistency Identified,Hash Collision Identified,Uninitialized Return Variable Identified,Misdeclared Constructor Identified,Missing 'onlyOwner' Modifier Identified,Misuse of `msg.value` within a Loop Identified,Precision Loss Identified,Redundant Conditional Check Identified,External Oracle Dependency Identified,Ownership Hijacking Identified,Centralization Risk Identified,Incorrect Funding Rate Calculation Identified,Flash Loan Fee Manipulation Identified,Misuse of Mapping Getter Identified,Lack of Getter Function Implementation Identified,Unnecessary Comparison Identified,Inconsistent Initialization Identified,Potential Inconsistency in Yield Source Swapping Identified,Incorrect Signer Verification Identified,Order of Inheritance Initialization Identified,Impracticality of Exact Match Identified,Inconsistent Base Tokens Identified,Handling Partial Withdrawals Identified,Fallback Function Identified,Unlimited Token Approval Identified,Lack of Input Validation Identified,DoS Vulnerability Identified
"<INFO> Integer Overflow/Underflow Identified.""
For each vulnerability identified, use the following format:
```
VULNERABILITY NAME or TYPE
'''
DETAILED DESCRIPTION of the vulnerability, along with recommended mitigation measures or fixes that do not require code upgrades.
'''
```
If you don't find any vulnerabilities, respond only with: ""","<INFO> Reentrancy Identified.""
For each vulnerability identified, use the following format:
```
VULNERABILITY NAME or TYPE
'''
DETAILED DESCRIPTION of the vulnerability, AND recommended mitigation/fix with no upgrade code
'''
```
If you don't find any vulnerabilities, respond only with: ""","<INFO> Unchecked External Calls Identified."".
For each vulnerability identified, use the following format:
```
VULNERABILITY NAME or TYPE
'''
DETAILED DESCRIPTION of the vulnerability, AND recommended mitigation/fix with no upgrade code
'''
```
If you don't find any vulnerabilities, respond only with: ""","<INFO> Unchecked Low-level Calls Identified."".
For each vulnerability identified, use the following format:
```
VULNERABILITY NAME or TYPE
'''
DETAILED DESCRIPTION of the vulnerability, AND recommended mitigation/fix with no upgrade code
'''
```
If you don't find any vulnerabilities, respond only with: ""","<INFO> Transactions Order Dependence Identified.""
For each vulnerability identified, use the following format:
```
VULNERABILITY NAME or TYPE
'''
DETAILED DESCRIPTION of the vulnerability, along with recommended mitigation measures or fixes that do not require code upgrades
'''
```
If you don't find any Transactions Order Dependence vulnerabilities, respond only with: ""","<INFO> Timestamp Manipulation Identified.""
For each vulnerability identified, use the following format:
```
VULNERABILITY NAME or TYPE
'''
DETAILED DESCRIPTION of the vulnerability, AND recommended mitigation/fix with no upgrade code
'''
```
If you don't find any vulnerabilities, respond only with: ""","<INFO> Predictable Randomness Identified.""
For each vulnerability identified, use the following format:
```
VULNERABILITY NAME or TYPE
'''
DETAILED DESCRIPTION of the vulnerability, AND recommended mitigation/fix with no upgrade code
'''
```
If you don't find any vulnerabilities, respond only with: ""","<INFO> Unsafe `tx.origin` Identified.""
For each vulnerability identified, use the following format:
```
VULNERABILITY NAME or TYPE
'''
DETAILED DESCRIPTION of the vulnerability, AND recommended mitigation/fix with no upgrade code
'''
```
If you don't find any vulnerabilities, respond only with: ""","<INFO> Unsafe Suicide Identified.""
For each vulnerability identified, use the following format:
```
VULNERABILITY NAME or TYPE
'''
DETAILED DESCRIPTION of the vulnerability, AND recommended mitigation/fix with no upgrade code
'''
```
If NO Lack of Restriction on `selfdestruct` is found, respond only with: ""","<INFO> Gas Limit Identified.""
For each vulnerability identified, use the following format:
```
VULNERABILITY NAME or TYPE
'''
DETAILED DESCRIPTION of the vulnerability, AND recommended mitigation/fix with no upgrade code
'''
```
If you don't find any vulnerabilities, respond only with: ""","<INFO> Price Manipulation Identified.""
For each vulnerability identified, use the following format:
```
VULNERABILITY NAME or TYPE
'''
DETAILED DESCRIPTION of the vulnerability, AND recommended mitigation/fix with no upgrade code.
'''
```
If you don't find any vulnerabilities, respond only with: ""","<INFO> Assumption of Fixed-Length Array Identified.""
For each vulnerability identified, use the following format:
```
VULNERABILITY NAME or TYPE
'''
DETAILED DESCRIPTION of the vulnerability, AND recommended mitigation/fix with no upgrade code.
'''
```
If you don't find any vulnerabilities, respond only with: ""","<INFO> Lack of Withdrawal Function Identified.""
For each vulnerability identified, use the following format:
```
VULNERABILITY NAME or TYPE
'''
DETAILED DESCRIPTION of the vulnerability, AND recommended mitigation/fix with no upgrade code
'''
```
If a secure withdrawal function is found and no issues are identified, respond only with: ""","<INFO> Lack of Authorization Identified.""
For each vulnerability identified, use the following format:
```
VULNERABILITY NAME or TYPE
'''
DETAILED DESCRIPTION of the vulnerability, AND recommended mitigation/fix with no upgrade code
'''
```
If NO Lack of Authorization vulnerabilities are found, respond only with: ""","<INFO> Potential Data Inconsistency Identified.""
For each vulnerability identified, use the following format:
```
VULNERABILITY NAME or TYPE
'''
DETAILED DESCRIPTION of the vulnerability, AND recommended mitigation/fix with no upgrade code
'''
```
If NO Potential Data Inconsistency vulnerabilities are found, respond only with: ""","<INFO> Hash Collision Identified.""
For each vulnerability identified, use the following format:
```
VULNERABILITY NAME or TYPE
'''
DETAILED DESCRIPTION of the vulnerability, AND recommended mitigation/fix with no upgrade code
'''
```
If NO Hash Collision vulnerabilities are found, respond only with: ""","<INFO> Uninitialized Return Variable Identified.""
For each vulnerability identified, use the following format:
```
VULNERABILITY NAME or TYPE
'''
DETAILED DESCRIPTION of the vulnerability, AND recommended mitigation/fix with no upgrade code
'''
```
If NO Uninitialized Return Variable vulnerabilities are found, respond only with: ""","<INFO> Misdeclared Constructor Identified.""
For each vulnerability identified, use the following format:
```
VULNERABILITY NAME or TYPE
'''
DETAILED DESCRIPTION of the vulnerability, AND recommended mitigation/fix with no upgrade code
'''
```
If NO Misdeclared Constructor vulnerabilities are found, respond only with: ""","<INFO> Missing 'onlyOwner' Modifier Identified.""
For each vulnerability identified, use the following format:
```
VULNERABILITY NAME or TYPE
'''
DETAILED DESCRIPTION of the vulnerability, AND recommended mitigation/fix with no upgrade code
'''
```
If you don't find any vulnerabilities, respond only with: ""","<INFO> Misuse of `msg.value` within a Loop Identified.""
For each vulnerability identified, use the following format:
```
VULNERABILITY NAME or TYPE
'''
DETAILED DESCRIPTION of the vulnerability, AND recommended mitigation/fix with no upgrade code
'''
```
If you don't find any vulnerabilities, respond only with: ""","<INFO> Precision Loss Identified.""
For each vulnerability identified, use the following format:
```
VULNERABILITY NAME or TYPE
'''
DETAILED DESCRIPTION of the vulnerability, AND recommended mitigation/fix with no upgrade code
'''
```
If you don't find any vulnerabilities, respond only with: ""","<INFO> Redundant Conditional Check Identified.""
For each vulnerability identified, use the following format:
```
VULNERABILITY NAME or TYPE
'''
DETAILED DESCRIPTION of the vulnerability, AND recommended mitigation/fix with no upgrade code
'''
```
If you don't find any vulnerabilities, respond only with: ""","<INFO> External Oracle Dependency Identified.""
For each vulnerability identified, use the following format:
```
VULNERABILITY NAME or TYPE
'''
DETAILED DESCRIPTION of the vulnerability, AND recommended mitigation/fix with no upgrade code
'''
```
If you don't find any vulnerabilities, respond only with: """,,"<INFO> Centralization Risk Identified.""
For each vulnerability identified, use the following format:
```
VULNERABILITY NAME or TYPE
'''
DETAILED DESCRIPTION of the vulnerability, AND recommended mitigation/fix with no upgrade code
'''
```
If you don't find any vulnerabilities, respond only with: ""","<INFO> Incorrect Funding Rate Calculation Identified.""
For each vulnerability identified, use the following format:
```
VULNERABILITY NAME or TYPE
'''
DETAILED DESCRIPTION of the vulnerability, AND recommended mitigation/fix with no upgrade code
'''
```
If you don't find any vulnerabilities, respond only with: ""","<INFO> Flash Loan Fee Manipulation Identified.""
For each vulnerability identified, use the following format:
```
VULNERABILITY NAME or TYPE
'''
DETAILED DESCRIPTION of the vulnerability, AND recommended mitigation/fix with no upgrade code
'''
```
If you don't find any vulnerabilities, respond only with: ""","<INFO> Misuse of Mapping Getter Identified.""
For each vulnerability identified, use the following format:
```
VULNERABILITY NAME or TYPE
'''
DETAILED DESCRIPTION of the vulnerability, AND recommended mitigation/fix with no upgrade code
'''
```
If you don't find any vulnerabilities, respond only with: ""","<INFO> Lack of Getter Function Implementation Identified.""
For each vulnerability identified, use the following format:
```
VULNERABILITY NAME or TYPE
'''
DETAILED DESCRIPTION of the vulnerability, AND recommended mitigation/fix with no upgrade code
'''
```
If you don't find any vulnerabilities, respond only with: ""","<INFO> Unnecessary Comparison Identified.""
For each vulnerability identified, use the following format:
```
VULNERABILITY NAME or TYPE
'''
DETAILED DESCRIPTION of the vulnerability, AND recommended mitigation/fix with no upgrade code
'''
```
If you don't find any vulnerabilities, respond only with: ""","<INFO> Inconsistent Initialization Identified.""
For each vulnerability identified, use the following format:
```
VULNERABILITY NAME or TYPE
'''
DETAILED DESCRIPTION of the vulnerability, AND recommended mitigation/fix with no upgrade code
'''
```
If you don't find any vulnerabilities, respond only with: ""","<INFO> Potential Inconsistency in Yield Source Swapping Identified.""
For each vulnerability identified, use the following format:
```
VULNERABILITY NAME or TYPE
'''
DETAILED DESCRIPTION of the vulnerability, AND recommended mitigation/fix with no upgrade code
'''
```
If you don't find any vulnerabilities, respond only with: ""","<INFO> Incorrect Signer Verification Identified.""
For each vulnerability identified, use the following format:
```
VULNERABILITY NAME or TYPE
'''
DETAILED DESCRIPTION of the vulnerability, AND recommended mitigation/fix with no upgrade code
'''
```
If you don't find any vulnerabilities, respond only with: ""","<INFO> Order of Inheritance Initialization Identified.""
For each vulnerability identified, use the following format:
```
VULNERABILITY NAME or TYPE
'''
DETAILED DESCRIPTION of the vulnerability, AND recommended mitigation/fix with no upgrade code
'''
```
If you don't find any vulnerabilities, respond only with: ""","<INFO> Impracticality of Exact Match Identified.""
For each vulnerability identified, use the following format:
```
VULNERABILITY NAME or TYPE
'''
DETAILED DESCRIPTION of the vulnerability, AND recommended mitigation/fix with no upgrade code
'''
```
If you don't find any vulnerabilities, respond only with: ""","<INFO> Inconsistent Base Tokens Identified.""
For each vulnerability identified, use the following format:
```
VULNERABILITY NAME or TYPE
'''
DETAILED DESCRIPTION of the vulnerability, AND recommended mitigation/fix with no upgrade code
'''
```
If you don't find any vulnerabilities, respond only with: ""","<INFO> Handling Partial Withdrawals Identified.""
For each vulnerability identified, use the following format:
```
VULNERABILITY NAME or TYPE
'''
DETAILED DESCRIPTION of the vulnerability, AND recommended mitigation/fix with no upgrade code
'''
```
If you don't find any vulnerabilities, respond only with: ""","<INFO> Fallback Function Identified.""
For each vulnerability identified, use the following format:
```
VULNERABILITY NAME or TYPE
'''
DETAILED DESCRIPTION of the vulnerability, AND recommended mitigation/fix with no upgrade code
'''
```
If you don't find any vulnerabilities, respond only with: ""","<INFO> Unlimited Token Approval Identified.""
For each vulnerability identified, use the following format:
```
VULNERABILITY NAME or TYPE
'''
DETAILED DESCRIPTION of the vulnerability, AND recommended mitigation/fix with no upgrade code
'''
```
If you don't find any vulnerabilities, respond only with: ""","<INFO> Lack of Input Validation Identified.""
For each vulnerability identified, use the following format:
```
VULNERABILITY NAME or TYPE
'''
DETAILED DESCRIPTION of the vulnerability, AND recommended mitigation/fix with no upgrade code
'''
```
If you don't find any vulnerabilities, respond only with: ""","<INFO> DoS Vulnerability Identified.""
For each vulnerability identified, use the following format:
```
VULNERABILITY NAME or TYPE
'''
DETAILED DESCRIPTION of the vulnerability, along with recommended mitigation measures or fixes that do not require code upgrades.
'''
```
If you don't find any vulnerabilities, respond only with: """
,,,,"<INFO> Transactions Order Dependence Identified.

VULNERABILITY NAME: Transactions Order Dependence
'''
The contract contains several functions that can be exploited due to the order of transaction execution. Specifically, the functions `withdrawValue`, `offsetDebt`, and `transferValue` are susceptible to manipulation by malicious actors who can exploit the timing of transactions to their advantage.

For example, in the `withdrawValue` function, the check for `underlyingValue(msg.sender) >= _amount` is performed before the actual transfer of tokens. If a malicious actor can execute a transaction that alters the state of the contract (e.g., by calling `addValue` or `borrowValue`) between the time they check their balance and the time they withdraw, they can effectively withdraw more tokens than they should be entitled to.

Similarly, in the `offsetDebt` function, if a user can manipulate the state of their attributions or debts before the transaction is processed, they can offset more debt than they should be able to.

To mitigate this vulnerability, it is recommended to implement checks-effects-interactions pattern, where state changes (like updating balances and debts) are made before any external calls (like transferring tokens). Additionally, consider using nonces or other mechanisms to ensure that transactions are processed in a predictable order, reducing the risk of exploitation through transaction reordering.
'''

[2024-10-08 11:55:58 INFO] **[Seminar Conclusion]**:

 ",,,,,,,"<INFO> Assumption of Fixed-Length Array Identified.

VULNERABILITY NAME: Assumption of Fixed-Length Array in `addValueBatch`
'''
The function `addValueBatch` assumes that the `_beneficiaries` and `_shares` arrays will always have a fixed length of 2. If the caller provides arrays of a different length, it could lead to out-of-bounds errors when accessing the arrays. This can cause unexpected behavior or even allow an attacker to manipulate the contract's state.

**Recommended Mitigation/Fix:**
Implement a check to ensure that the length of the `_beneficiaries` and `_shares` arrays is exactly 2 before proceeding with the logic of the function. This can be done by adding a require statement at the beginning of the function:
```solidity
require(_beneficiaries.length == 2 && _shares.length == 2, ""ERROR_INVALID_ARRAY_LENGTH"");
```
'''

VULNERABILITY NAME: Assumption of Fixed-Length Array in `addValue`
'''
The function `addValue` also assumes that the `_beneficiary` parameter is a single address and does not account for potential changes in the expected input structure. While it does not directly use an array, if the function were to be modified in the future to accept multiple beneficiaries, it could lead to similar issues as seen in `addValueBatch`.

**Recommended Mitigation/Fix:**
To future-proof the function, consider implementing a similar check as in `addValueBatch` if the function is modified to accept an array of beneficiaries. For now, ensure that the function's documentation clearly states the expected input format.
'''

VULNERABILITY NAME: Assumption of Fixed-Length Array in `transferAttribution`
'''
The function `transferAttribution` assumes that the `_amount` parameter is valid and that the caller has sufficient attributions. If the function were to be modified to accept an array of amounts to transfer, it could lead to out-of-bounds errors similar to those identified in the previous functions.

**Recommended Mitigation/Fix:**
As with the previous functions, ensure that any future modifications to accept an array of amounts include checks for the array length and validity. For now, document the expected input clearly to prevent misuse.
'''

[2024-10-08 11:56:22 INFO] **[Seminar Conclusion]**:

 ",,"<INFO> Lack of Authorization Identified.

```
VULNERABILITY NAME: Lack of Access Control on Sensitive Functions
'''
The contract contains several functions that modify the state of the contract or perform sensitive operations without appropriate access control mechanisms. Specifically, the following functions are accessible to any user:
- `borrowValue(uint256 _amount, address _to)`: This function allows any market contract to borrow funds from the vault without any restrictions on the amount or the borrower.
- `repayDebt(uint256 _amount, address _target)`: This function allows anyone to repay the debt of any user by specifying the target address, which could lead to unauthorized debt repayments.
- `transferDebt(uint256 _amount)`: This function allows any registered market to transfer their debt to the system debt without any checks on the amount or the market's authorization.

Recommended Mitigation/Fix: Implement appropriate access control mechanisms for these functions. For example, restrict the `borrowValue` function to only allow the owner or a specific role to borrow funds. Similarly, ensure that the `repayDebt` function can only be called by the target user or an authorized entity. Consider using role-based access control (RBAC) or similar patterns to enforce these restrictions.
'''
```

[2024-10-08 11:56:34 INFO] **[Seminar Conclusion]**:

 ","<INFO> Potential Data Inconsistency Identified.
```
VULNERABILITY NAME: Potential Data Inconsistency in Attribution Calculations
'''
The contract contains several functions that manipulate the `attributions` mapping and the `totalAttributions` variable. Specifically, the calculations for attributions in functions such as `addValueBatch`, `addValue`, `withdrawValue`, and others rely on the assumption that the `totalAttributions` variable accurately reflects the total attribution points generated. However, if any of these functions fail or revert after modifying the state (e.g., due to insufficient balance or incorrect shares), the state may become inconsistent, leading to discrepancies in the attribution calculations.

Additionally, the use of the `available()` function in the `withdrawValue` and `_withdrawAttribution` functions assumes that the balance minus total debt will always yield a non-negative value. If the debt is incorrectly managed or manipulated, this could lead to a situation where the contract attempts to withdraw more than it has available, resulting in inconsistent state.

Recommended Mitigation/Fix: Implement checks to ensure that all state changes are atomic and that the contract maintains a consistent state. Use the `require` statements to validate conditions before making state changes, and consider using a pattern that reverts all changes if any part of the transaction fails. Additionally, ensure that the logic for managing debts and attributions is thoroughly tested to prevent inconsistencies.
'''
```

[2024-10-08 11:56:38 INFO] **[Seminar Conclusion]**:

 ",,"<INFO> Uninitialized Return Variable Identified.

```
UNINITIALIZED RETURN VARIABLE
'''
In the function `withdrawValue`, the return variable `_attributions` is declared but not explicitly initialized before it is used in the return statement. The function calculates `_attributions` based on the total attributions and the amount being withdrawn, but if the condition in the require statement fails, `_attributions` will not be assigned any value, leading to unpredictable behavior.

To mitigate this vulnerability, ensure that `_attributions` is initialized to a default value (e.g., 0) at the beginning of the function. This guarantees that the variable has a defined state regardless of the execution path.

Recommended fix:
```solidity
function withdrawValue(uint256 _amount, address _to)
    external
    override
    returns (uint256 _attributions)
{
    // Initialize _attributions to 0
    _attributions = 0;

    require(
        attributions[msg.sender] > 0 &&
            underlyingValue(msg.sender) >= _amount,
        ""ERROR_WITHDRAW-VALUE_BADCONDITOONS""
    );
    _attributions = (totalAttributions * _amount) / valueAll();

    attributions[msg.sender] -= _attributions;
    totalAttributions -= _attributions;

    if (available() < _amount) {
        //when USDC in this contract isn't enough
        uint256 _shortage = _amount - available();
        _unutilize(_shortage);

        assert(available() >= _amount);
    }

    balance -= _amount;
    IERC20(token).safeTransfer(_to, _amount);
}
'''
```

[2024-10-08 11:56:46 INFO] **[Seminar Conclusion]**:

 ",,"<INFO> Missing 'onlyOwner' Modifier Identified.

VULNERABILITY: Missing 'onlyOwner' Modifier
'''
The contract has several functions that can be executed without the `onlyOwner` modifier, which is intended to restrict access to certain critical functionalities. Specifically, the `setController` and `setKeeper` functions are designed to allow the contract owner to set the controller and keeper addresses, respectively. However, if these functions are not properly restricted, any user can call them, potentially leading to unauthorized changes in the contract's state. This could allow malicious actors to change the controller to a malicious contract or set the keeper to an unauthorized address, leading to loss of funds or control over the contract.

Recommended Mitigation/Fix:
- Ensure that the `setController` and `setKeeper` functions include the `onlyOwner` modifier to restrict access to only the contract owner. This will prevent unauthorized users from executing these critical functions and protect the integrity of the contract.
'''

[2024-10-08 11:56:52 INFO] **[Seminar Conclusion]**:

 ",,,"<INFO> Redundant Conditional Check Identified.
```
REDUNDANT CONDITIONAL CHECK
'''
In the `withdrawValue` function, the condition `available() < _amount` is checked after the assertion `assert(available() >= _amount)`. The assert statement guarantees that `available()` is greater than or equal to `_amount`, making the subsequent conditional check redundant. This adds unnecessary complexity and gas costs to the execution of the function.

To mitigate this issue, the check for `available() < _amount` can be removed, as it is already ensured by the assert statement. The function can proceed directly to the logic that handles the withdrawal.
'''
```

",,,"<INFO> Centralization Risk Identified.

**Centralization Risk in Ownership Control**
'''
The contract utilizes an ownership model where critical functions are restricted to the owner, as indicated by the `onlyOwner` modifier. This centralizes control in a single address, which poses a significant risk if that address is compromised. If an attacker gains access to the owner's private key, they could execute any function protected by this modifier, potentially leading to unauthorized withdrawals or changes to the contract's state.

**Recommended Mitigation/Fix:**
To mitigate this risk, consider implementing a multi-signature wallet for ownership control. This would require multiple parties to approve critical actions, reducing the risk of a single point of failure. Additionally, consider implementing a time-lock mechanism for sensitive operations, allowing users to react before changes take effect.
'''

**Centralization Risk in Keeper Role**
'''
The `keeper` variable allows a single address to execute the `utilize()` function, which can transfer all available funds to the controller. If the keeper's address is compromised, an attacker could drain the contract's funds without any checks or balances.

**Recommended Mitigation/Fix:**
Implement a multi-signature mechanism for the keeper role or allow multiple addresses to be designated as keepers. This would distribute the control over fund utilization and reduce the risk associated with a single compromised address.
'''

**Centralization Risk in Controller Management**
'''
The `setController()` function allows the owner to set a new controller address. If the owner is compromised, they could set a malicious controller, which could then manipulate the vault's funds.

**Recommended Mitigation/Fix:**
Consider implementing a governance mechanism where changes to the controller require approval from multiple stakeholders or a decentralized governance model. This would prevent a single compromised address from making critical changes to the contract's functionality.
'''

[2024-10-08 11:57:17 INFO] **[Seminar Conclusion]**:

 ",,,,,"<INFO> Unnecessary Comparison Identified.

UNNECESSARY COMPARISON
'''
In the `transferDebt` function, the condition `if(_amount != 0)` is used to check if `_amount` is non-zero before proceeding with the logic. This can be simplified by directly using `_amount` in the conditional statement, as the check for zero can be done implicitly. The current explicit comparison may reduce code readability and introduces unnecessary complexity.

Recommended mitigation/fix:
Instead of:
```solidity
if(_amount != 0){
    debts[msg.sender] -= _amount;
    debts[address(0)] += _amount;
}
```
Use:
```solidity
if(_amount > 0){
    debts[msg.sender] -= _amount;
    debts[address(0)] += _amount;
}
```
This change ensures that the code remains clear and concise while maintaining the intended functionality.
'''

[2024-10-08 11:57:30 INFO] **[Seminar Conclusion]**:

 ",,,,,,,,,,"<INFO> Lack of Input Validation Identified.

**VULNERABILITY NAME: Zero Address Validation**
'''
In the `setKeeper` function, there is a lack of validation for the new keeper address. If the new keeper address is set to the zero address (address(0)), it could lead to unintended behavior, as the keeper would effectively be disabled. This could allow anyone to call the `utilize` function without restriction if the keeper is set to zero. 

**Recommended Mitigation/Fix:** 
Add a check to ensure that the new keeper address is not the zero address before assigning it. For example:
```solidity
require(_keeper != address(0), ""ERROR_ZERO_ADDRESS"");
```
'''

**VULNERABILITY NAME: Insufficient Validation on Debt Transfer**
'''
In the `transferDebt` function, there is no validation to check if the debt being transferred is greater than the current debt of the sender. If a market attempts to transfer more debt than it possesses, it will lead to negative debt values, which can cause inconsistencies in the contract's state.

**Recommended Mitigation/Fix:** 
Add a validation check to ensure that the amount being transferred does not exceed the sender's current debt:
```solidity
require(debts[msg.sender] >= _amount, ""ERROR_INSUFFICIENT_DEBT"");
```
'''

**VULNERABILITY NAME: Lack of Validation on Shares in addValueBatch**
'''
In the `addValueBatch` function, while there is a check to ensure that the sum of shares equals 1,000,000, there is no validation to ensure that the individual share values are not negative. If a negative share value is passed, it could lead to unexpected behavior in the allocation of attributions.

**Recommended Mitigation/Fix:** 
Add checks to ensure that both `_shares[0]` and `_shares[1]` are non-negative:
```solidity
require(_shares[0] >= 0 && _shares[1] >= 0, ""ERROR_NEGATIVE_SHARE"");
```
'''

**VULNERABILITY NAME: Lack of Validation on Amounts in Withdraw Functions**
'''
In the `withdrawValue`, `withdrawAttribution`, and `offsetDebt` functions, there is no validation to ensure that the amount being withdrawn or offset is greater than zero. This could allow users to attempt to withdraw or offset a zero amount, which may not be the intended behavior.

**Recommended Mitigation/Fix:** 
Add checks to ensure that the amounts being withdrawn or offset are greater than zero:
```solidity
require(_amount > 0, ""ERROR_ZERO_AMOUNT"");
```
'''

[2024-10-08 11:58:01 INFO] **[Seminar Conclusion]**:

 ","<INFO> DoS Vulnerability Identified.

**1. Unbounded Loop DoS**
'''
In the `addValueBatch` function, there is a loop that iterates over a fixed-size array of beneficiaries (2 in this case). While the loop itself is bounded, if the number of beneficiaries were to increase in future iterations or if the function were modified to accept a dynamic array, it could lead to gas exhaustion if the number of beneficiaries is large. This could be exploited by an attacker to prevent the function from executing successfully.

**Mitigation Measures:**
- Ensure that any future modifications to the function maintain a bounded iteration count.
- If dynamic arrays are to be used, implement checks to limit the maximum number of beneficiaries to a reasonable number to prevent excessive gas consumption.
'''

**2. External Call DoS**
'''
In the `withdrawValue` and `_withdrawAttribution` functions, the contract makes external calls to transfer tokens using `safeTransfer`. If the recipient contract is malicious or fails for any reason, it could cause the transaction to revert, leading to a Denial of Service for the user trying to withdraw their tokens.

**Mitigation Measures:**
- Implement a withdrawal pattern where the contract first updates the state (e.g., reducing balances) and then performs the external call. This way, even if the external call fails, the state is already updated, and the user can retry the withdrawal.
- Consider using a pull-over-push mechanism where users can claim their tokens instead of the contract pushing tokens to them.
'''

**3. State Dependency DoS**
'''
In the `withdrawValue` function, the ability to withdraw is dependent on the `underlyingValue(msg.sender)` and `attributions[msg.sender]`. If an attacker manipulates their state such that they have a high attribution but no underlying value, they could potentially cause the function to revert, leading to a Denial of Service for themselves or others.

**Mitigation Measures:**
- Implement checks to ensure that users cannot manipulate their state in a way that would allow them to call functions that should not succeed based on their current state.
- Consider adding a mechanism to limit the amount of attributions that can be withdrawn in a single transaction to prevent abuse.
'''

**4. Block Gas Limit DoS**
'''
The `utilize` function allows the keeper to transfer all available funds to the controller. If the available balance is large, this could lead to a situation where the transaction consumes a significant amount of gas, potentially hitting the block gas limit. An attacker could exploit this by manipulating the available balance to force transactions to fail.

**Mitigation Measures:**
- Implement a cap on the maximum amount that can be utilized in a single transaction to prevent excessive gas consumption.
- Consider breaking down large transfers into smaller chunks that can be processed in multiple transactions, ensuring that they stay well within the gas limits.
'''

[2024-10-08 11:58:09 INFO] **[Seminar Conclusion]**:

 "
,,,,"<INFO> Transactions Order Dependence Identified.

VULNERABILITY NAME: Transactions Order Dependence
'''
The contract contains several functions that can be exploited due to the order of transaction execution. Specifically, the functions `withdrawValue`, `offsetDebt`, and `transferValue` are susceptible to manipulation by malicious actors who can exploit the timing of transactions to their advantage.

For example, in the `withdrawValue` function, the check for `underlyingValue(msg.sender) >= _amount` is performed before the actual transfer of tokens. If a malicious actor can execute a transaction that alters the state of the contract (e.g., by calling `addValue` or `borrowValue`) between the time they check their balance and the time they withdraw, they can effectively withdraw more tokens than they should be entitled to.

Similarly, in the `offsetDebt` function, if a user can manipulate the state of their attributions or debts before the transaction is processed, they can offset more debt than they should be able to.

To mitigate this vulnerability, it is recommended to implement checks-effects-interactions pattern, where state changes (like updating balances and debts) are made before any external calls (like transferring tokens). Additionally, consider using nonces or other mechanisms to ensure that transactions are processed in a predictable order, reducing the risk of exploitation through transaction reordering.
'''

[2024-10-08 11:55:58 INFO] **[Execute Detail]**

execute SimplePhase:[TimeStampManipulationDetector] in ComposedPhase:[CodeReview], cycle 1

[2024-10-08 11:55:58 INFO] System: **[chatting]**

| Parameter | Value |
| --- | --- |
| **task_prompt** | pragma solidity 0.8.7; /*  * @author InsureDAO  * @title InsureDAO vault contract  * @notice  * SPDX-License-Identifier: GPL-3.0  / import ""@openzeppelin/contracts/token/ERC20/IERC20.sol""; import ""@openzeppelin/contracts/token/ERC20/utils/SafeERC20.sol""; import ""./interfaces/IOwnership.sol""; import ""./interfaces/IVault.sol""; import ""./interfaces/IController.sol""; import ""./interfaces/IRegistry.sol""; contract Vault is IVault {     using SafeERC20 for IERC20; /**  * Storage  */  address public override token; IController public controller; IRegistry public registry; IOwnership public ownership;  mapping(address =&gt; uint256) public override debts; mapping(address =&gt; uint256) public attributions; uint256 public totalAttributions;  address public keeper; //keeper can operate utilize(), if address zero, anyone can operate. uint256 public balance; //balance of underlying token uint256 public totalDebt; //total debt balance. 1debt:1token  uint256 public constant MAGIC_SCALE_1E6 = 1e6; //internal multiplication scale 1e6 to reduce decimal truncation    event ControllerSet(address controller);  modifier onlyOwner() {     require(         ownership.owner() == msg.sender,         ""Restricted: caller is not allowed to operate""     );     _; }  modifier onlyMarket() {     require(         IRegistry(registry).isListed(msg.sender),         ""ERROR_ONLY_MARKET""     );     _; }  constructor(     address _token,     address _registry,     address _controller,     address _ownership ) {     require(_token != address(0));     require(_registry != address(0));     require(_ownership != address(0));     //controller can be zero      token = _token;     registry = IRegistry(_registry);     controller = IController(_controller);     ownership = IOwnership(_ownership); }  /**  * Vault Functions  */  /**  * @notice A market contract can deposit collateral and get attribution point in return  * @param  _amount amount of tokens to deposit  * @param _from sender's address  * @param _beneficiaries beneficiary's address array  * @param _shares funds share within beneficiaries (100% = 1e6)  * @return _allocations attribution amount generated from the transaction  */ function addValueBatch(     uint256 _amount,     address _from,     address[2] memory _beneficiaries,     uint256[2] memory _shares ) external override onlyMarket returns (uint256[2] memory _allocations) {      require(_shares[0] + _shares[1] == 1000000, ""ERROR_INCORRECT_SHARE"");      uint256 _attributions;     if (totalAttributions == 0) {         _attributions = _amount;     } else {         uint256 _pool = valueAll();         _attributions = (_amount * totalAttributions) / _pool;     }     IERC20(token).safeTransferFrom(_from, address(this), _amount);      balance += _amount;     totalAttributions += _attributions;     for (uint128 i = 0; i &lt; 2; i++) {         uint256 _allocation = (_shares[i] * _attributions) / MAGIC_SCALE_1E6;         attributions[_beneficiaries[i]] += _allocation;         _allocations[i] = _allocation;     } }  /**  * @notice A market contract can deposit collateral and get attribution point in return  * @param  _amount amount of tokens to deposit  * @param _from sender's address  * @param _beneficiary beneficiary's address  * @return _attributions attribution amount generated from the transaction  */  function addValue(     uint256 _amount,     address _from,     address _beneficiary ) external override onlyMarket returns (uint256 _attributions) {      if (totalAttributions == 0) {         _attributions = _amount;     } else {         uint256 _pool = valueAll();         _attributions = (_amount * totalAttributions) / _pool;     }     IERC20(token).safeTransferFrom(_from, address(this), _amount);     balance += _amount;     totalAttributions += _attributions;     attributions[_beneficiary] += _attributions; }  /**  * @notice an address that has balance in the vault can withdraw underlying value  * @param _amount amount of tokens to withdraw  * @param _to address to get underlying tokens  * @return _attributions amount of attributions burnet  */ function withdrawValue(uint256 _amount, address _to)     external     override     returns (uint256 _attributions) {     require(         attributions[msg.sender] &gt; 0 &amp;&amp;             underlyingValue(msg.sender) &gt;= _amount,         ""ERROR_WITHDRAW-VALUE_BADCONDITOONS""     );     _attributions = (totalAttributions * _amount) / valueAll();      attributions[msg.sender] -= _attributions;     totalAttributions -= _attributions;      if (available() &lt; _amount) {         //when USDC in this contract isn't enough         uint256 _shortage = _amount - available();         _unutilize(_shortage);          assert(available() &gt;= _amount);     }      balance -= _amount;     IERC20(token).safeTransfer(_to, _amount); }  /**  * @notice an address that has balance in the vault can transfer underlying value  * @param _amount sender of value  * @param _destination reciepient of value  */  function transferValue(uint256 _amount, address _destination)     external     override     returns (uint256 _attributions) {     require(         attributions[msg.sender] &gt; 0 &amp;&amp;             underlyingValue(msg.sender) &gt;= _amount,         ""ERROR_TRANSFER-VALUE_BADCONDITOONS""     );     _attributions = (_amount * totalAttributions) / valueAll();     attributions[msg.sender] -= _attributions;     attributions[_destination] += _attributions; }  /**  * @notice a registered contract can borrow balance from the vault  * @param _amount borrow amount  * @param _to borrower's address  */ function borrowValue(uint256 _amount, address _to) external onlyMarket override {     debts[msg.sender] += _amount;     totalDebt += _amount;      IERC20(token).safeTransfer(_to, _amount); }  /**  * @notice an address that has balance in the vault can offset an address's debt  * @param _amount debt amount to offset  * @param _target borrower's address  */  function offsetDebt(uint256 _amount, address _target)     external     override     returns (uint256 _attributions) {     require(         attributions[msg.sender] &gt; 0 &amp;&amp;             underlyingValue(msg.sender) &gt;= _amount,         ""ERROR_REPAY_DEBT_BADCONDITOONS""     );     _attributions = (_amount * totalAttributions) / valueAll();     attributions[msg.sender] -= _attributions;     totalAttributions -= _attributions;     balance -= _amount;     debts[_target] -= _amount;     totalDebt -= _amount; }  /**  * @notice a registerd market can transfer their debt to system debt  * @param _amount debt amount to transfer  * @dev will be called when CDS could not afford when resume the market.  */ function transferDebt(uint256 _amount) external onlyMarket override {      if(_amount != 0){         debts[msg.sender] -= _amount;         debts[address(0)] += _amount;     } }  /**  * @notice anyone can repay the system debt by sending tokens to this contract  * @param _amount debt amount to repay  * @param _target borrower's address  */ function repayDebt(uint256 _amount, address _target) external override {     uint256 _debt = debts[_target];     if (_debt &gt;= _amount) {         debts[_target] -= _amount;         totalDebt -= _amount;         IERC20(token).safeTransferFrom(msg.sender, address(this), _amount);     } else {         debts[_target] = 0;         totalDebt -= _debt;         IERC20(token).safeTransferFrom(msg.sender, address(this), _debt);     } }  /**  * @notice an address that has balance in the vault can withdraw value denominated in attribution  * @param _attribution amount of attribution to burn  * @param _to beneficiary's address  * @return _retVal number of tokens withdrawn from the transaction  */ function withdrawAttribution(uint256 _attribution, address _to)     external     override     returns (uint256 _retVal) {     _retVal = _withdrawAttribution(_attribution, _to); }  /**  * @notice an address that has balance in the vault can withdraw all value  * @param _to beneficiary's address  * @return _retVal number of tokens withdrawn from the transaction  */ function withdrawAllAttribution(address _to)     external     override     returns (uint256 _retVal) {     _retVal = _withdrawAttribution(attributions[msg.sender], _to); }  /**  * @notice an address that has balance in the vault can withdraw all value  * @param _attribution amount of attribution to burn  * @param _to beneficiary's address  * @return _retVal number of tokens withdrawn from the transaction  */ function _withdrawAttribution(uint256 _attribution, address _to)     internal     returns (uint256 _retVal) {     require(         attributions[msg.sender] &gt;= _attribution,         ""ERROR_WITHDRAW-ATTRIBUTION_BADCONDITOONS""     );     _retVal = (_attribution * valueAll()) / totalAttributions;      attributions[msg.sender] -= _attribution;     totalAttributions -= _attribution;      if (available() &lt; _retVal) {         uint256 _shortage = _retVal - available();         _unutilize(_shortage);     }      balance -= _retVal;     IERC20(token).safeTransfer(_to, _retVal); }  /**  * @notice an address that has balance in the vault can transfer value denominated in attribution  * @param _amount amount of attribution to transfer  * @param _destination reciepient of attribution  */ function transferAttribution(uint256 _amount, address _destination)     external     override {     require(_destination != address(0), ""ERROR_ZERO_ADDRESS"");      require(         _amount != 0 &amp;&amp; attributions[msg.sender] &gt;= _amount,         ""ERROR_TRANSFER-ATTRIBUTION_BADCONDITOONS""     );      attributions[msg.sender] -= _amount;     attributions[_destination] += _amount; }  /**  * @notice the controller can utilize all available stored funds  * @return _amount amount of tokens utilized  */ function utilize() external override returns (uint256 _amount) {     if (keeper != address(0)) {         require(msg.sender == keeper, ""ERROR_NOT_KEEPER"");     }     _amount = available(); //balance     if (_amount &gt; 0) {         IERC20(token).safeTransfer(address(controller), _amount);         balance -= _amount;         controller.earn(address(token), _amount);     } }  /**  * @notice get attribution number for the specified address  * @param _target target address  * @return amount of attritbution  */  function attributionOf(address _target)     external     view     override     returns (uint256) {     return attributions[_target]; }  /**  * @notice get all attribution number for this contract  * @return amount of all attribution  */ function attributionAll() external view returns (uint256) {     return totalAttributions; }  /**  * @notice Convert attribution number into underlying assset value  * @param _attribution amount of attribution  * @return token value of input attribution  */ function attributionValue(uint256 _attribution)     external     view     override     returns (uint256) {     if (totalAttributions &gt; 0 &amp;&amp; _attribution &gt; 0) {         return (_attribution * valueAll()) / totalAttributions;     } else {         return 0;     } }  /**  * @notice return underlying value of the specified address  * @param _target target address  * @return token value of target address  */ function underlyingValue(address _target)     public     view     override     returns (uint256) {     if (attributions[_target] &gt; 0) {         return (valueAll() * attributions[_target]) / totalAttributions;     } else {         return 0;     } }  /**  * @notice return underlying value of this contract  * @return all token value of the vault  */ function valueAll() public view returns (uint256) {     if (address(controller) != address(0)) {         return balance + controller.valueAll();     } else {         return balance;     } }  /**  * @notice internal function to unutilize the funds and keep utilization rate  * @param _amount amount to withdraw from controller  */ function _unutilize(uint256 _amount) internal {     require(address(controller) != address(0), ""ERROR_CONTROLLER_NOT_SET"");      controller.withdraw(address(this), _amount);     balance += _amount; }  /**  * @notice return how much funds in this contract is available to be utilized  * @return available balance to utilize  */ function available() public view returns (uint256) {     return balance - totalDebt; }  /**  * @notice return how much price for each attribution  * @return value of one share of attribution  */ function getPricePerFullShare() public view returns (uint256) {     return (valueAll() * MAGIC_SCALE_1E6) / totalAttributions; }  /**  * onlyOwner  */  /**  * @notice withdraw redundant token stored in this contract  * @param _token token address  * @param _to beneficiary's address  */ function withdrawRedundant(address _token, address _to)     external     override     onlyOwner {     if (         _token == address(token) &amp;&amp;         balance &lt; IERC20(token).balanceOf(address(this))     ) {         uint256 _redundant = IERC20(token).balanceOf(address(this)) -             balance;         IERC20(token).safeTransfer(_to, _redundant);     } else if (IERC20(_token).balanceOf(address(this)) &gt; 0) {         IERC20(_token).safeTransfer(             _to,             IERC20(_token).balanceOf(address(this))         );     } }  /**  * @notice admin function to set controller address  * @param _controller address of the controller  */ function setController(address _controller) public override onlyOwner {     require(_controller != address(0), ""ERROR_ZERO_ADDRESS"");      if (address(controller) != address(0)) {         controller.migrate(address(_controller));         controller = IController(_controller);     } else {         controller = IController(_controller);     }      emit ControllerSet(_controller); }  /**  * @notice the controller can utilize all available stored funds  * @param _keeper keeper address  */ function setKeeper(address _keeper) external override onlyOwner {     if (keeper != _keeper) {         keeper = _keeper;     } }  } |
| **need_reflect** | False |
| **assistant_role_name** | Security Analyst |
| **user_role_name** | Solidity Programming Expert |
| **phase_prompt** | Given the user's task and the brainstorming ideas provided: Task: ""{task}"". Ideas: ""{ideas}"". As the {assistant_role}, your primary objective is to conduct a comprehensive inspection of the provided contract code, with a particular focus on identifying vulnerabilities related to Timestamp Manipulation. Timestamp Manipulation vulnerabilities can occur in the following cases: 1. When the contract relies on block timestamps (e.g., block.timestamp, now) for critical decisions, such as generating randomness or enforcing time-based conditions. 2. When the contract uses block timestamps to determine the outcome of random number generation, which can be manipulated by miners. 3. When the contract's logic depends on exact timestamps for time-based conditions like auction timing or lockup periods, allowing miners to manipulate the outcome. Please conduct a thorough analysis, considering the following information: 1. Review the contract's code logic to identify any potential areas where block timestamps are used for critical decisions.   Examine critical functions, particularly those involving randomness generation, timed conditions, and state changes based on timestamps, to ensure they have proper checks in place.   Verify that the contract minimizes reliance on block timestamps and uses alternative methods where possible to prevent manipulation.   If you identify Timestamp Manipulation, respond with: "" Timestamp Manipulation Identified."" For each vulnerability identified, use the following format: VULNERABILITY NAME or TYPE ''' DETAILED DESCRIPTION of the vulnerability, AND recommended mitigation/fix with no upgrade code ''' If you don't find any vulnerabilities, respond only with: "" NO Timestamp Manipulation."" |
| **phase_name** | TimeStampManipulationDetector |
| **assistant_role_prompt** | {chatdev_prompt} You are Security Analyst. Now, we are both working at ChatDev and share a common interest in collaborating to successfully execute a marketing strategy for a new customer. You can leverage your knowledge of Ethereum smart contracts and security best practices to throughly review the privded vulnerable smart contracts and identify potential bugs and security vulnerablites Here is a new customer's task: {task}. To complete the task,  you must write a response that appropriately solves the requested instruction based on your expertise and customer's needs. |
| **user_role_prompt** | {chatdev_prompt} You are Solidity Programming Expert. Now, we are both working at ChatDev and share a common interest in collaborating to successfully execute a marketing strategy for a new customer. You can analyze the code structure, logic, and implementation details of the contracts. You have extensive computing and coding experience in Solidity programming language. Here is a new customer's task: {task}. To complete the task,  you must write a response that appropriately solves the requested instruction based on your expertise and customer's needs. |
| **chat_turn_limit** | 1 |
| **placeholders** | {'cycle_num': 1, 'modification_conclusion': '', 'cycle_index': 1, 'task': 'pragma solidity 0.8.7;\n\n/\n * @author InsureDAO\n * @title InsureDAO vault contract\n * @notice\n * SPDX-License-Identifier: GPL-3.0\n */\nimport ""@openzeppelin/contracts/token/ERC20/IERC20.sol"";\nimport ""@openzeppelin/contracts/token/ERC20/utils/SafeERC20.sol"";\n\nimport ""./interfaces/IOwnership.sol"";\nimport ""./interfaces/IVault.sol"";\n\nimport ""./interfaces/IController.sol"";\nimport ""./interfaces/IRegistry.sol"";\n\ncontract Vault is IVault {\n    using SafeERC20 for IERC20;\n\n    /\n     * Storage\n     /\n\n    address public override token;\n    IController public controller;\n    IRegistry public registry;\n    IOwnership public ownership;\n\n    mapping(address =&gt; uint256) public override debts;\n    mapping(address =&gt; uint256) public attributions;\n    uint256 public totalAttributions;\n\n    address public keeper; //keeper can operate utilize(), if address zero, anyone can operate.\n    uint256 public balance; //balance of underlying token\n    uint256 public totalDebt; //total debt balance. 1debt:1token\n\n    uint256 public constant MAGIC_SCALE_1E6 = 1e6; //internal multiplication scale 1e6 to reduce decimal truncation\n\n\n\n    event ControllerSet(address controller);\n\n    modifier onlyOwner() {\n        require(\n            ownership.owner() == msg.sender,\n            ""Restricted: caller is not allowed to operate""\n        );\n        ;\n    }\n\n    modifier onlyMarket() {\n        require(\n            IRegistry(registry).isListed(msg.sender),\n            ""ERROR_ONLY_MARKET""\n        );\n        ;\n    }\n\n    constructor(\n        address _token,\n        address _registry,\n        address _controller,\n        address _ownership\n    ) {\n        require(_token != address(0));\n        require(_registry != address(0));\n        require(_ownership != address(0));\n        //controller can be zero\n\n        token = _token;\n        registry = IRegistry(_registry);\n        controller = IController(_controller);\n        ownership = IOwnership(_ownership);\n    }\n\n    /\n     * Vault Functions\n     /\n\n    /\n     * @notice A market contract can deposit collateral and get attribution point in return\n     * @param  _amount amount of tokens to deposit\n     * @param _from sender\'s address\n     * @param _beneficiaries beneficiary\'s address array\n     * @param _shares funds share within beneficiaries (100% = 1e6)\n     * @return _allocations attribution amount generated from the transaction\n     */\n    function addValueBatch(\n        uint256 _amount,\n        address _from,\n        address[2] memory _beneficiaries,\n        uint256[2] memory _shares\n    ) external override onlyMarket returns (uint256[2] memory _allocations) {\n        \n        require(_shares[0] + _shares[1] == 1000000, ""ERROR_INCORRECT_SHARE"");\n\n        uint256 _attributions;\n        if (totalAttributions == 0) {\n            _attributions = _amount;\n        } else {\n            uint256 _pool = valueAll();\n            _attributions = (_amount * totalAttributions) / _pool;\n        }\n        IERC20(token).safeTransferFrom(_from, address(this), _amount);\n\n        balance += _amount;\n        totalAttributions += _attributions;\n        for (uint128 i = 0; i &lt; 2; i++) {\n            uint256 _allocation = (_shares[i] * _attributions) / MAGIC_SCALE_1E6;\n            attributions[_beneficiaries[i]] += _allocation;\n            _allocations[i] = _allocation;\n        }\n    }\n\n    /\n     * @notice A market contract can deposit collateral and get attribution point in return\n     * @param  _amount amount of tokens to deposit\n     * @param _from sender\'s address\n     * @param _beneficiary beneficiary\'s address\n     * @return _attributions attribution amount generated from the transaction\n     /\n\n    function addValue(\n        uint256 _amount,\n        address _from,\n        address _beneficiary\n    ) external override onlyMarket returns (uint256 _attributions) {\n\n        if (totalAttributions == 0) {\n            _attributions = _amount;\n        } else {\n            uint256 _pool = valueAll();\n            _attributions = (_amount * totalAttributions) / _pool;\n        }\n        IERC20(token).safeTransferFrom(_from, address(this), _amount);\n        balance += _amount;\n        totalAttributions += _attributions;\n        attributions[_beneficiary] += _attributions;\n    }\n\n    /\n     * @notice an address that has balance in the vault can withdraw underlying value\n     * @param _amount amount of tokens to withdraw\n     * @param _to address to get underlying tokens\n     * @return _attributions amount of attributions burnet\n     /\n    function withdrawValue(uint256 _amount, address _to)\n        external\n        override\n        returns (uint256 _attributions)\n    {\n        require(\n            attributions[msg.sender] &gt; 0 &amp;&amp;\n                underlyingValue(msg.sender) &gt;= _amount,\n            ""ERROR_WITHDRAW-VALUE_BADCONDITOONS""\n        );\n        _attributions = (totalAttributions * _amount) / valueAll();\n\n        attributions[msg.sender] -= _attributions;\n        totalAttributions -= _attributions;\n\n        if (available() &lt; _amount) {\n            //when USDC in this contract isn\'t enough\n            uint256 _shortage = _amount - available();\n            _unutilize(_shortage);\n\n            assert(available() &gt;= _amount);\n        }\n\n        balance -= _amount;\n        IERC20(token).safeTransfer(_to, _amount);\n    }\n\n    /\n     * @notice an address that has balance in the vault can transfer underlying value\n     * @param _amount sender of value\n     * @param _destination reciepient of value\n     */\n\n    function transferValue(uint256 _amount, address _destination)\n        external\n        override\n        returns (uint256 _attributions)\n    {\n        require(\n            attributions[msg.sender] &gt; 0 &amp;&amp;\n                underlyingValue(msg.sender) &gt;= _amount,\n            ""ERROR_TRANSFER-VALUE_BADCONDITOONS""\n        );\n        _attributions = (_amount * totalAttributions) / valueAll();\n        attributions[msg.sender] -= _attributions;\n        attributions[_destination] += _attributions;\n    }\n\n    /\n     * @notice a registered contract can borrow balance from the vault\n     * @param _amount borrow amount\n     * @param _to borrower\'s address\n     /\n    function borrowValue(uint256 _amount, address _to) external onlyMarket override {\n        debts[msg.sender] += _amount;\n        totalDebt += _amount;\n\n        IERC20(token).safeTransfer(_to, _amount);\n    }\n\n    /\n     * @notice an address that has balance in the vault can offset an address\'s debt\n     * @param _amount debt amount to offset\n     * @param _target borrower\'s address\n     /\n\n    function offsetDebt(uint256 _amount, address _target)\n        external\n        override\n        returns (uint256 _attributions)\n    {\n        require(\n            attributions[msg.sender] &gt; 0 &amp;&amp;\n                underlyingValue(msg.sender) &gt;= _amount,\n            ""ERROR_REPAY_DEBT_BADCONDITOONS""\n        );\n        _attributions = (_amount * totalAttributions) / valueAll();\n        attributions[msg.sender] -= _attributions;\n        totalAttributions -= _attributions;\n        balance -= _amount;\n        debts[_target] -= _amount;\n        totalDebt -= _amount;\n    }\n\n    /\n     * @notice a registerd market can transfer their debt to system debt\n     * @param _amount debt amount to transfer\n     * @dev will be called when CDS could not afford when resume the market.\n     */\n    function transferDebt(uint256 _amount) external onlyMarket override {\n\n        if(_amount != 0){\n            debts[msg.sender] -= _amount;\n            debts[address(0)] += _amount;\n        }\n    }\n\n    /\n     * @notice anyone can repay the system debt by sending tokens to this contract\n     * @param _amount debt amount to repay\n     * @param _target borrower\'s address\n     /\n    function repayDebt(uint256 _amount, address _target) external override {\n        uint256 _debt = debts[_target];\n        if (_debt &gt;= _amount) {\n            debts[_target] -= _amount;\n            totalDebt -= _amount;\n            IERC20(token).safeTransferFrom(msg.sender, address(this), _amount);\n        } else {\n            debts[_target] = 0;\n            totalDebt -= _debt;\n            IERC20(token).safeTransferFrom(msg.sender, address(this), _debt);\n        }\n    }\n\n    /\n     * @notice an address that has balance in the vault can withdraw value denominated in attribution\n     * @param _attribution amount of attribution to burn\n     * @param _to beneficiary\'s address\n     * @return _retVal number of tokens withdrawn from the transaction\n     /\n    function withdrawAttribution(uint256 _attribution, address _to)\n        external\n        override\n        returns (uint256 _retVal)\n    {\n        _retVal = _withdrawAttribution(_attribution, _to);\n    }\n\n    /\n     * @notice an address that has balance in the vault can withdraw all value\n     * @param _to beneficiary\'s address\n     * @return _retVal number of tokens withdrawn from the transaction\n     */\n    function withdrawAllAttribution(address _to)\n        external\n        override\n        returns (uint256 _retVal)\n    {\n        _retVal = _withdrawAttribution(attributions[msg.sender], _to);\n    }\n\n    /\n     * @notice an address that has balance in the vault can withdraw all value\n     * @param _attribution amount of attribution to burn\n     * @param _to beneficiary\'s address\n     * @return _retVal number of tokens withdrawn from the transaction\n     /\n    function _withdrawAttribution(uint256 _attribution, address _to)\n        internal\n        returns (uint256 _retVal)\n    {\n        require(\n            attributions[msg.sender] &gt;= _attribution,\n            ""ERROR_WITHDRAW-ATTRIBUTION_BADCONDITOONS""\n        );\n        _retVal = (_attribution * valueAll()) / totalAttributions;\n\n        attributions[msg.sender] -= _attribution;\n        totalAttributions -= _attribution;\n\n        if (available() &lt; _retVal) {\n            uint256 _shortage = _retVal - available();\n            _unutilize(_shortage);\n        }\n\n        balance -= _retVal;\n        IERC20(token).safeTransfer(_to, _retVal);\n    }\n\n    /\n     * @notice an address that has balance in the vault can transfer value denominated in attribution\n     * @param _amount amount of attribution to transfer\n     * @param _destination reciepient of attribution\n     /\n    function transferAttribution(uint256 _amount, address _destination)\n        external\n        override\n    {\n        require(_destination != address(0), ""ERROR_ZERO_ADDRESS"");\n\n        require(\n            _amount != 0 &amp;&amp; attributions[msg.sender] &gt;= _amount,\n            ""ERROR_TRANSFER-ATTRIBUTION_BADCONDITOONS""\n        );\n\n        attributions[msg.sender] -= _amount;\n        attributions[_destination] += _amount;\n    }\n\n    /\n     * @notice the controller can utilize all available stored funds\n     * @return _amount amount of tokens utilized\n     */\n    function utilize() external override returns (uint256 _amount) {\n        if (keeper != address(0)) {\n            require(msg.sender == keeper, ""ERROR_NOT_KEEPER"");\n        }\n        _amount = available(); //balance\n        if (_amount &gt; 0) {\n            IERC20(token).safeTransfer(address(controller), _amount);\n            balance -= _amount;\n            controller.earn(address(token), _amount);\n        }\n    }\n\n    /\n     * @notice get attribution number for the specified address\n     * @param _target target address\n     * @return amount of attritbution\n     /\n\n    function attributionOf(address _target)\n        external\n        view\n        override\n        returns (uint256)\n    {\n        return attributions[_target];\n    }\n\n    /\n     * @notice get all attribution number for this contract\n     * @return amount of all attribution\n     /\n    function attributionAll() external view returns (uint256) {\n        return totalAttributions;\n    }\n\n    /\n     * @notice Convert attribution number into underlying assset value\n     * @param _attribution amount of attribution\n     * @return token value of input attribution\n     */\n    function attributionValue(uint256 _attribution)\n        external\n        view\n        override\n        returns (uint256)\n    {\n        if (totalAttributions &gt; 0 &amp;&amp; _attribution &gt; 0) {\n            return (_attribution * valueAll()) / totalAttributions;\n        } else {\n            return 0;\n        }\n    }\n\n    /\n     * @notice return underlying value of the specified address\n     * @param _target target address\n     * @return token value of target address\n     /\n    function underlyingValue(address _target)\n        public\n        view\n        override\n        returns (uint256)\n    {\n        if (attributions[_target] &gt; 0) {\n            return (valueAll() * attributions[_target]) / totalAttributions;\n        } else {\n            return 0;\n        }\n    }\n\n    /\n     * @notice return underlying value of this contract\n     * @return all token value of the vault\n     /\n    function valueAll() public view returns (uint256) {\n        if (address(controller) != address(0)) {\n            return balance + controller.valueAll();\n        } else {\n            return balance;\n        }\n    }\n\n    /\n     * @notice internal function to unutilize the funds and keep utilization rate\n     * @param _amount amount to withdraw from controller\n     */\n    function _unutilize(uint256 _amount) internal {\n        require(address(controller) != address(0), ""ERROR_CONTROLLER_NOT_SET"");\n\n        controller.withdraw(address(this), _amount);\n        balance += _amount;\n    }\n\n    /\n     * @notice return how much funds in this contract is available to be utilized\n     * @return available balance to utilize\n     /\n    function available() public view returns (uint256) {\n        return balance - totalDebt;\n    }\n\n    /\n     * @notice return how much price for each attribution\n     * @return value of one share of attribution\n     /\n    function getPricePerFullShare() public view returns (uint256) {\n        return (valueAll() * MAGIC_SCALE_1E6) / totalAttributions;\n    }\n\n    /\n     * onlyOwner\n     */\n\n    /\n     * @notice withdraw redundant token stored in this contract\n     * @param _token token address\n     * @param _to beneficiary\'s address\n     /\n    function withdrawRedundant(address _token, address _to)\n        external\n        override\n        onlyOwner\n    {\n        if (\n            _token == address(token) &amp;&amp;\n            balance &lt; IERC20(token).balanceOf(address(this))\n        ) {\n            uint256 _redundant = IERC20(token).balanceOf(address(this)) -\n                balance;\n            IERC20(token).safeTransfer(_to, _redundant);\n        } else if (IERC20(_token).balanceOf(address(this)) &gt; 0) {\n            IERC20(_token).safeTransfer(\n                _to,\n                IERC20(_token).balanceOf(address(this))\n            );\n        }\n    }\n\n    /\n     * @notice admin function to set controller address\n     * @param _controller address of the controller\n     /\n    function setController(address _controller) public override onlyOwner {\n        require(_controller != address(0), ""ERROR_ZERO_ADDRESS"");\n\n        if (address(controller) != address(0)) {\n            controller.migrate(address(_controller));\n            controller = IController(_controller);\n        } else {\n            controller = IController(_controller);\n        }\n\n        emit ControllerSet(_controller);\n    }\n\n    /*\n     * @notice the controller can utilize all available stored funds\n     * @param _keeper keeper address\n     /\n    function setKeeper(address _keeper) external override onlyOwner {\n        if (keeper != _keeper) {\n            keeper = _keeper;\n        }\n    }\n}\n', 'ideas': "" Transactions Order Dependence Identified.\n\nVULNERABILITY NAME: Transactions Order Dependence\n'''\nThe contract contains several functions that can be exploited due to the order of transaction execution. Specifically, the functions withdrawValue, offsetDebt, and transferValue are susceptible to manipulation by malicious actors who can exploit the timing of transactions to their advantage.\n\nFor example, in the withdrawValue function, the check for underlyingValue(msg.sender) &gt;= _amount is performed before the actual transfer of tokens. If a malicious actor can execute a transaction that alters the state of the contract (e.g., by calling addValue or borrowValue) between the time they check their balance and the time they withdraw, they can effectively withdraw more tokens than they should be entitled to.\n\nSimilarly, in the offsetDebt function, if a user can manipulate the state of their attributions or debts before the transaction is processed, they can offset more debt than they should be able to.\n\nTo mitigate this vulnerability, it is recommended to implement checks-effects-interactions pattern, where state changes (like updating balances and debts) are made before any external calls (like transferring tokens). Additionally, consider using nonces or other mechanisms to ensure that transactions are processed in a predictable order, reducing the risk of exploitation through transaction reordering.\n'''""} |
| **memory** | No existed memory |
| **model_type** | ModelType.GPT_4_O_MINI |

[2024-10-08 11:55:58 INFO] System: **[RolePlaying]**

| Parameter | Value |
| --- | --- |
| **assistant_role_name** | Security Analyst |
| **user_role_name** | Solidity Programming Expert |
| **assistant_role_prompt** | {chatdev_prompt} You are Security Analyst. Now, we are both working at ChatDev and share a common interest in collaborating to successfully execute a marketing strategy for a new customer. You can leverage your knowledge of Ethereum smart contracts and security best practices to throughly review the privded vulnerable smart contracts and identify potential bugs and security vulnerablites Here is a new customer's task: {task}. To complete the task,  you must write a response that appropriately solves the requested instruction based on your expertise and customer's needs. |
| **user_role_prompt** | {chatdev_prompt} You are Solidity Programming Expert. Now, we are both working at ChatDev and share a common interest in collaborating to successfully execute a marketing strategy for a new customer. You can analyze the code structure, logic, and implementation details of the contracts. You have extensive computing and coding experience in Solidity programming language. Here is a new customer's task: {task}. To complete the task,  you must write a response that appropriately solves the requested instruction based on your expertise and customer's needs. |
| **task_prompt** | pragma solidity 0.8.7; /*  * @author InsureDAO  * @title InsureDAO vault contract  * @notice  * SPDX-License-Identifier: GPL-3.0  / import ""@openzeppelin/contracts/token/ERC20/IERC20.sol""; import ""@openzeppelin/contracts/token/ERC20/utils/SafeERC20.sol""; import ""./interfaces/IOwnership.sol""; import ""./interfaces/IVault.sol""; import ""./interfaces/IController.sol""; import ""./interfaces/IRegistry.sol""; contract Vault is IVault {     using SafeERC20 for IERC20; /**  * Storage  */  address public override token; IController public controller; IRegistry public registry; IOwnership public ownership;  mapping(address =&gt; uint256) public override debts; mapping(address =&gt; uint256) public attributions; uint256 public totalAttributions;  address public keeper; //keeper can operate utilize(), if address zero, anyone can operate. uint256 public balance; //balance of underlying token uint256 public totalDebt; //total debt balance. 1debt:1token  uint256 public constant MAGIC_SCALE_1E6 = 1e6; //internal multiplication scale 1e6 to reduce decimal truncation    event ControllerSet(address controller);  modifier onlyOwner() {     require(         ownership.owner() == msg.sender,         ""Restricted: caller is not allowed to operate""     );     _; }  modifier onlyMarket() {     require(         IRegistry(registry).isListed(msg.sender),         ""ERROR_ONLY_MARKET""     );     _; }  constructor(     address _token,     address _registry,     address _controller,     address _ownership ) {     require(_token != address(0));     require(_registry != address(0));     require(_ownership != address(0));     //controller can be zero      token = _token;     registry = IRegistry(_registry);     controller = IController(_controller);     ownership = IOwnership(_ownership); }  /**  * Vault Functions  */  /**  * @notice A market contract can deposit collateral and get attribution point in return  * @param  _amount amount of tokens to deposit  * @param _from sender's address  * @param _beneficiaries beneficiary's address array  * @param _shares funds share within beneficiaries (100% = 1e6)  * @return _allocations attribution amount generated from the transaction  */ function addValueBatch(     uint256 _amount,     address _from,     address[2] memory _beneficiaries,     uint256[2] memory _shares ) external override onlyMarket returns (uint256[2] memory _allocations) {      require(_shares[0] + _shares[1] == 1000000, ""ERROR_INCORRECT_SHARE"");      uint256 _attributions;     if (totalAttributions == 0) {         _attributions = _amount;     } else {         uint256 _pool = valueAll();         _attributions = (_amount * totalAttributions) / _pool;     }     IERC20(token).safeTransferFrom(_from, address(this), _amount);      balance += _amount;     totalAttributions += _attributions;     for (uint128 i = 0; i &lt; 2; i++) {         uint256 _allocation = (_shares[i] * _attributions) / MAGIC_SCALE_1E6;         attributions[_beneficiaries[i]] += _allocation;         _allocations[i] = _allocation;     } }  /**  * @notice A market contract can deposit collateral and get attribution point in return  * @param  _amount amount of tokens to deposit  * @param _from sender's address  * @param _beneficiary beneficiary's address  * @return _attributions attribution amount generated from the transaction  */  function addValue(     uint256 _amount,     address _from,     address _beneficiary ) external override onlyMarket returns (uint256 _attributions) {      if (totalAttributions == 0) {         _attributions = _amount;     } else {         uint256 _pool = valueAll();         _attributions = (_amount * totalAttributions) / _pool;     }     IERC20(token).safeTransferFrom(_from, address(this), _amount);     balance += _amount;     totalAttributions += _attributions;     attributions[_beneficiary] += _attributions; }  /**  * @notice an address that has balance in the vault can withdraw underlying value  * @param _amount amount of tokens to withdraw  * @param _to address to get underlying tokens  * @return _attributions amount of attributions burnet  */ function withdrawValue(uint256 _amount, address _to)     external     override     returns (uint256 _attributions) {     require(         attributions[msg.sender] &gt; 0 &amp;&amp;             underlyingValue(msg.sender) &gt;= _amount,         ""ERROR_WITHDRAW-VALUE_BADCONDITOONS""     );     _attributions = (totalAttributions * _amount) / valueAll();      attributions[msg.sender] -= _attributions;     totalAttributions -= _attributions;      if (available() &lt; _amount) {         //when USDC in this contract isn't enough         uint256 _shortage = _amount - available();         _unutilize(_shortage);          assert(available() &gt;= _amount);     }      balance -= _amount;     IERC20(token).safeTransfer(_to, _amount); }  /**  * @notice an address that has balance in the vault can transfer underlying value  * @param _amount sender of value  * @param _destination reciepient of value  */  function transferValue(uint256 _amount, address _destination)     external     override     returns (uint256 _attributions) {     require(         attributions[msg.sender] &gt; 0 &amp;&amp;             underlyingValue(msg.sender) &gt;= _amount,         ""ERROR_TRANSFER-VALUE_BADCONDITOONS""     );     _attributions = (_amount * totalAttributions) / valueAll();     attributions[msg.sender] -= _attributions;     attributions[_destination] += _attributions; }  /**  * @notice a registered contract can borrow balance from the vault  * @param _amount borrow amount  * @param _to borrower's address  */ function borrowValue(uint256 _amount, address _to) external onlyMarket override {     debts[msg.sender] += _amount;     totalDebt += _amount;      IERC20(token).safeTransfer(_to, _amount); }  /**  * @notice an address that has balance in the vault can offset an address's debt  * @param _amount debt amount to offset  * @param _target borrower's address  */  function offsetDebt(uint256 _amount, address _target)     external     override     returns (uint256 _attributions) {     require(         attributions[msg.sender] &gt; 0 &amp;&amp;             underlyingValue(msg.sender) &gt;= _amount,         ""ERROR_REPAY_DEBT_BADCONDITOONS""     );     _attributions = (_amount * totalAttributions) / valueAll();     attributions[msg.sender] -= _attributions;     totalAttributions -= _attributions;     balance -= _amount;     debts[_target] -= _amount;     totalDebt -= _amount; }  /**  * @notice a registerd market can transfer their debt to system debt  * @param _amount debt amount to transfer  * @dev will be called when CDS could not afford when resume the market.  */ function transferDebt(uint256 _amount) external onlyMarket override {      if(_amount != 0){         debts[msg.sender] -= _amount;         debts[address(0)] += _amount;     } }  /**  * @notice anyone can repay the system debt by sending tokens to this contract  * @param _amount debt amount to repay  * @param _target borrower's address  */ function repayDebt(uint256 _amount, address _target) external override {     uint256 _debt = debts[_target];     if (_debt &gt;= _amount) {         debts[_target] -= _amount;         totalDebt -= _amount;         IERC20(token).safeTransferFrom(msg.sender, address(this), _amount);     } else {         debts[_target] = 0;         totalDebt -= _debt;         IERC20(token).safeTransferFrom(msg.sender, address(this), _debt);     } }  /**  * @notice an address that has balance in the vault can withdraw value denominated in attribution  * @param _attribution amount of attribution to burn  * @param _to beneficiary's address  * @return _retVal number of tokens withdrawn from the transaction  */ function withdrawAttribution(uint256 _attribution, address _to)     external     override     returns (uint256 _retVal) {     _retVal = _withdrawAttribution(_attribution, _to); }  /**  * @notice an address that has balance in the vault can withdraw all value  * @param _to beneficiary's address  * @return _retVal number of tokens withdrawn from the transaction  */ function withdrawAllAttribution(address _to)     external     override     returns (uint256 _retVal) {     _retVal = _withdrawAttribution(attributions[msg.sender], _to); }  /**  * @notice an address that has balance in the vault can withdraw all value  * @param _attribution amount of attribution to burn  * @param _to beneficiary's address  * @return _retVal number of tokens withdrawn from the transaction  */ function _withdrawAttribution(uint256 _attribution, address _to)     internal     returns (uint256 _retVal) {     require(         attributions[msg.sender] &gt;= _attribution,         ""ERROR_WITHDRAW-ATTRIBUTION_BADCONDITOONS""     );     _retVal = (_attribution * valueAll()) / totalAttributions;      attributions[msg.sender] -= _attribution;     totalAttributions -= _attribution;      if (available() &lt; _retVal) {         uint256 _shortage = _retVal - available();         _unutilize(_shortage);     }      balance -= _retVal;     IERC20(token).safeTransfer(_to, _retVal); }  /**  * @notice an address that has balance in the vault can transfer value denominated in attribution  * @param _amount amount of attribution to transfer  * @param _destination reciepient of attribution  */ function transferAttribution(uint256 _amount, address _destination)     external     override {     require(_destination != address(0), ""ERROR_ZERO_ADDRESS"");      require(         _amount != 0 &amp;&amp; attributions[msg.sender] &gt;= _amount,         ""ERROR_TRANSFER-ATTRIBUTION_BADCONDITOONS""     );      attributions[msg.sender] -= _amount;     attributions[_destination] += _amount; }  /**  * @notice the controller can utilize all available stored funds  * @return _amount amount of tokens utilized  */ function utilize() external override returns (uint256 _amount) {     if (keeper != address(0)) {         require(msg.sender == keeper, ""ERROR_NOT_KEEPER"");     }     _amount = available(); //balance     if (_amount &gt; 0) {         IERC20(token).safeTransfer(address(controller), _amount);         balance -= _amount;         controller.earn(address(token), _amount);     } }  /**  * @notice get attribution number for the specified address  * @param _target target address  * @return amount of attritbution  */  function attributionOf(address _target)     external     view     override     returns (uint256) {     return attributions[_target]; }  /**  * @notice get all attribution number for this contract  * @return amount of all attribution  */ function attributionAll() external view returns (uint256) {     return totalAttributions; }  /**  * @notice Convert attribution number into underlying assset value  * @param _attribution amount of attribution  * @return token value of input attribution  */ function attributionValue(uint256 _attribution)     external     view     override     returns (uint256) {     if (totalAttributions &gt; 0 &amp;&amp; _attribution &gt; 0) {         return (_attribution * valueAll()) / totalAttributions;     } else {         return 0;     } }  /**  * @notice return underlying value of the specified address  * @param _target target address  * @return token value of target address  */ function underlyingValue(address _target)     public     view     override     returns (uint256) {     if (attributions[_target] &gt; 0) {         return (valueAll() * attributions[_target]) / totalAttributions;     } else {         return 0;     } }  /**  * @notice return underlying value of this contract  * @return all token value of the vault  */ function valueAll() public view returns (uint256) {     if (address(controller) != address(0)) {         return balance + controller.valueAll();     } else {         return balance;     } }  /**  * @notice internal function to unutilize the funds and keep utilization rate  * @param _amount amount to withdraw from controller  */ function _unutilize(uint256 _amount) internal {     require(address(controller) != address(0), ""ERROR_CONTROLLER_NOT_SET"");      controller.withdraw(address(this), _amount);     balance += _amount; }  /**  * @notice return how much funds in this contract is available to be utilized  * @return available balance to utilize  */ function available() public view returns (uint256) {     return balance - totalDebt; }  /**  * @notice return how much price for each attribution  * @return value of one share of attribution  */ function getPricePerFullShare() public view returns (uint256) {     return (valueAll() * MAGIC_SCALE_1E6) / totalAttributions; }  /**  * onlyOwner  */  /**  * @notice withdraw redundant token stored in this contract  * @param _token token address  * @param _to beneficiary's address  */ function withdrawRedundant(address _token, address _to)     external     override     onlyOwner {     if (         _token == address(token) &amp;&amp;         balance &lt; IERC20(token).balanceOf(address(this))     ) {         uint256 _redundant = IERC20(token).balanceOf(address(this)) -             balance;         IERC20(token).safeTransfer(_to, _redundant);     } else if (IERC20(_token).balanceOf(address(this)) &gt; 0) {         IERC20(_token).safeTransfer(             _to,             IERC20(_token).balanceOf(address(this))         );     } }  /**  * @notice admin function to set controller address  * @param _controller address of the controller  */ function setController(address _controller) public override onlyOwner {     require(_controller != address(0), ""ERROR_ZERO_ADDRESS"");      if (address(controller) != address(0)) {         controller.migrate(address(_controller));         controller = IController(_controller);     } else {         controller = IController(_controller);     }      emit ControllerSet(_controller); }  /**  * @notice the controller can utilize all available stored funds  * @param _keeper keeper address  */ function setKeeper(address _keeper) external override onlyOwner {     if (keeper != _keeper) {         keeper = _keeper;     } }  } |
| **with_task_specify** | False |
| **memory** | No existed memory |
| **model_type** | ModelType.GPT_4_O_MINI |
| **background_prompt** | We are a specialized team that audits Solidity smart contracts using an advanced multi-agent system. Our approach combines the expertise of project management, smart contract counseling, auditing, and Solidity programming to deliver comprehensive and reliable contract assessments. |

[2024-10-08 11:55:58 INFO] Solidity Programming Expert: **[Start Chat]**

[We are a specialized team that audits Solidity smart contracts using an advanced multi-agent system. Our approach combines the expertise of project management, smart contract counseling, auditing, and Solidity programming to deliver comprehensive and reliable contract assessments.
You are Security Analyst. Now, we are both working at ChatDev and share a common interest in collaborating to successfully execute a marketing strategy for a new customer.
You can leverage your knowledge of Ethereum smart contracts and security best practices to throughly review the privded vulnerable smart contracts and identify potential bugs and security vulnerablites
Here is a new customer's task: pragma solidity 0.8.7;

/**
 * @author InsureDAO
 * @title InsureDAO vault contract
 * @notice
 * SPDX-License-Identifier: GPL-3.0
 */
import ""@openzeppelin/contracts/token/ERC20/IERC20.sol"";
import ""@openzeppelin/contracts/token/ERC20/utils/SafeERC20.sol"";

import ""./interfaces/IOwnership.sol"";
import ""./interfaces/IVault.sol"";

import ""./interfaces/IController.sol"";
import ""./interfaces/IRegistry.sol"";

contract Vault is IVault {
    using SafeERC20 for IERC20;

    /**
     * Storage
     */

    address public override token;
    IController public controller;
    IRegistry public registry;
    IOwnership public ownership;

    mapping(address => uint256) public override debts;
    mapping(address => uint256) public attributions;
    uint256 public totalAttributions;

    address public keeper; //keeper can operate utilize(), if address zero, anyone can operate.
    uint256 public balance; //balance of underlying token
    uint256 public totalDebt; //total debt balance. 1debt:1token

    uint256 public constant MAGIC_SCALE_1E6 = 1e6; //internal multiplication scale 1e6 to reduce decimal truncation



    event ControllerSet(address controller);

    modifier onlyOwner() {
        require(
            ownership.owner() == msg.sender,
            ""Restricted: caller is not allowed to operate""
        );
        _;
    }

    modifier onlyMarket() {
        require(
            IRegistry(registry).isListed(msg.sender),
            ""ERROR_ONLY_MARKET""
        );
        _;
    }

    constructor(
        address _token,
        address _registry,
        address _controller,
        address _ownership
    ) {
        require(_token != address(0));
        require(_registry != address(0));
        require(_ownership != address(0));
        //controller can be zero

        token = _token;
        registry = IRegistry(_registry);
        controller = IController(_controller);
        ownership = IOwnership(_ownership);
    }

    /**
     * Vault Functions
     */

    /**
     * @notice A market contract can deposit collateral and get attribution point in return
     * @param  _amount amount of tokens to deposit
     * @param _from sender's address
     * @param _beneficiaries beneficiary's address array
     * @param _shares funds share within beneficiaries (100% = 1e6)
     * @return _allocations attribution amount generated from the transaction
     */
    function addValueBatch(
        uint256 _amount,
        address _from,
        address[2] memory _beneficiaries,
        uint256[2] memory _shares
    ) external override onlyMarket returns (uint256[2] memory _allocations) {
        
        require(_shares[0] + _shares[1] == 1000000, ""ERROR_INCORRECT_SHARE"");

        uint256 _attributions;
        if (totalAttributions == 0) {
            _attributions = _amount;
        } else {
            uint256 _pool = valueAll();
            _attributions = (_amount * totalAttributions) / _pool;
        }
        IERC20(token).safeTransferFrom(_from, address(this), _amount);

        balance += _amount;
        totalAttributions += _attributions;
        for (uint128 i = 0; i < 2; i++) {
            uint256 _allocation = (_shares[i] * _attributions) / MAGIC_SCALE_1E6;
            attributions[_beneficiaries[i]] += _allocation;
            _allocations[i] = _allocation;
        }
    }

    /**
     * @notice A market contract can deposit collateral and get attribution point in return
     * @param  _amount amount of tokens to deposit
     * @param _from sender's address
     * @param _beneficiary beneficiary's address
     * @return _attributions attribution amount generated from the transaction
     */

    function addValue(
        uint256 _amount,
        address _from,
        address _beneficiary
    ) external override onlyMarket returns (uint256 _attributions) {

        if (totalAttributions == 0) {
            _attributions = _amount;
        } else {
            uint256 _pool = valueAll();
            _attributions = (_amount * totalAttributions) / _pool;
        }
        IERC20(token).safeTransferFrom(_from, address(this), _amount);
        balance += _amount;
        totalAttributions += _attributions;
        attributions[_beneficiary] += _attributions;
    }

    /**
     * @notice an address that has balance in the vault can withdraw underlying value
     * @param _amount amount of tokens to withdraw
     * @param _to address to get underlying tokens
     * @return _attributions amount of attributions burnet
     */
    function withdrawValue(uint256 _amount, address _to)
        external
        override
        returns (uint256 _attributions)
    {
        require(
            attributions[msg.sender] > 0 &&
                underlyingValue(msg.sender) >= _amount,
            ""ERROR_WITHDRAW-VALUE_BADCONDITOONS""
        );
        _attributions = (totalAttributions * _amount) / valueAll();

        attributions[msg.sender] -= _attributions;
        totalAttributions -= _attributions;

        if (available() < _amount) {
            //when USDC in this contract isn't enough
            uint256 _shortage = _amount - available();
            _unutilize(_shortage);

            assert(available() >= _amount);
        }

        balance -= _amount;
        IERC20(token).safeTransfer(_to, _amount);
    }

    /**
     * @notice an address that has balance in the vault can transfer underlying value
     * @param _amount sender of value
     * @param _destination reciepient of value
     */

    function transferValue(uint256 _amount, address _destination)
        external
        override
        returns (uint256 _attributions)
    {
        require(
            attributions[msg.sender] > 0 &&
                underlyingValue(msg.sender) >= _amount,
            ""ERROR_TRANSFER-VALUE_BADCONDITOONS""
        );
        _attributions = (_amount * totalAttributions) / valueAll();
        attributions[msg.sender] -= _attributions;
        attributions[_destination] += _attributions;
    }

    /**
     * @notice a registered contract can borrow balance from the vault
     * @param _amount borrow amount
     * @param _to borrower's address
     */
    function borrowValue(uint256 _amount, address _to) external onlyMarket override {
        debts[msg.sender] += _amount;
        totalDebt += _amount;

        IERC20(token).safeTransfer(_to, _amount);
    }

    /**
     * @notice an address that has balance in the vault can offset an address's debt
     * @param _amount debt amount to offset
     * @param _target borrower's address
     */

    function offsetDebt(uint256 _amount, address _target)
        external
        override
        returns (uint256 _attributions)
    {
        require(
            attributions[msg.sender] > 0 &&
                underlyingValue(msg.sender) >= _amount,
            ""ERROR_REPAY_DEBT_BADCONDITOONS""
        );
        _attributions = (_amount * totalAttributions) / valueAll();
        attributions[msg.sender] -= _attributions;
        totalAttributions -= _attributions;
        balance -= _amount;
        debts[_target] -= _amount;
        totalDebt -= _amount;
    }

    /**
     * @notice a registerd market can transfer their debt to system debt
     * @param _amount debt amount to transfer
     * @dev will be called when CDS could not afford when resume the market.
     */
    function transferDebt(uint256 _amount) external onlyMarket override {

        if(_amount != 0){
            debts[msg.sender] -= _amount;
            debts[address(0)] += _amount;
        }
    }

    /**
     * @notice anyone can repay the system debt by sending tokens to this contract
     * @param _amount debt amount to repay
     * @param _target borrower's address
     */
    function repayDebt(uint256 _amount, address _target) external override {
        uint256 _debt = debts[_target];
        if (_debt >= _amount) {
            debts[_target] -= _amount;
            totalDebt -= _amount;
            IERC20(token).safeTransferFrom(msg.sender, address(this), _amount);
        } else {
            debts[_target] = 0;
            totalDebt -= _debt;
            IERC20(token).safeTransferFrom(msg.sender, address(this), _debt);
        }
    }

    /**
     * @notice an address that has balance in the vault can withdraw value denominated in attribution
     * @param _attribution amount of attribution to burn
     * @param _to beneficiary's address
     * @return _retVal number of tokens withdrawn from the transaction
     */
    function withdrawAttribution(uint256 _attribution, address _to)
        external
        override
        returns (uint256 _retVal)
    {
        _retVal = _withdrawAttribution(_attribution, _to);
    }

    /**
     * @notice an address that has balance in the vault can withdraw all value
     * @param _to beneficiary's address
     * @return _retVal number of tokens withdrawn from the transaction
     */
    function withdrawAllAttribution(address _to)
        external
        override
        returns (uint256 _retVal)
    {
        _retVal = _withdrawAttribution(attributions[msg.sender], _to);
    }

    /**
     * @notice an address that has balance in the vault can withdraw all value
     * @param _attribution amount of attribution to burn
     * @param _to beneficiary's address
     * @return _retVal number of tokens withdrawn from the transaction
     */
    function _withdrawAttribution(uint256 _attribution, address _to)
        internal
        returns (uint256 _retVal)
    {
        require(
            attributions[msg.sender] >= _attribution,
            ""ERROR_WITHDRAW-ATTRIBUTION_BADCONDITOONS""
        );
        _retVal = (_attribution * valueAll()) / totalAttributions;

        attributions[msg.sender] -= _attribution;
        totalAttributions -= _attribution;

        if (available() < _retVal) {
            uint256 _shortage = _retVal - available();
            _unutilize(_shortage);
        }

        balance -= _retVal;
        IERC20(token).safeTransfer(_to, _retVal);
    }

    /**
     * @notice an address that has balance in the vault can transfer value denominated in attribution
     * @param _amount amount of attribution to transfer
     * @param _destination reciepient of attribution
     */
    function transferAttribution(uint256 _amount, address _destination)
        external
        override
    {
        require(_destination != address(0), ""ERROR_ZERO_ADDRESS"");

        require(
            _amount != 0 && attributions[msg.sender] >= _amount,
            ""ERROR_TRANSFER-ATTRIBUTION_BADCONDITOONS""
        );

        attributions[msg.sender] -= _amount;
        attributions[_destination] += _amount;
    }

    /**
     * @notice the controller can utilize all available stored funds
     * @return _amount amount of tokens utilized
     */
    function utilize() external override returns (uint256 _amount) {
        if (keeper != address(0)) {
            require(msg.sender == keeper, ""ERROR_NOT_KEEPER"");
        }
        _amount = available(); //balance
        if (_amount > 0) {
            IERC20(token).safeTransfer(address(controller), _amount);
            balance -= _amount;
            controller.earn(address(token), _amount);
        }
    }

    /**
     * @notice get attribution number for the specified address
     * @param _target target address
     * @return amount of attritbution
     */

    function attributionOf(address _target)
        external
        view
        override
        returns (uint256)
    {
        return attributions[_target];
    }

    /**
     * @notice get all attribution number for this contract
     * @return amount of all attribution
     */
    function attributionAll() external view returns (uint256) {
        return totalAttributions;
    }

    /**
     * @notice Convert attribution number into underlying assset value
     * @param _attribution amount of attribution
     * @return token value of input attribution
     */
    function attributionValue(uint256 _attribution)
        external
        view
        override
        returns (uint256)
    {
        if (totalAttributions > 0 && _attribution > 0) {
            return (_attribution * valueAll()) / totalAttributions;
        } else {
            return 0;
        }
    }

    /**
     * @notice return underlying value of the specified address
     * @param _target target address
     * @return token value of target address
     */
    function underlyingValue(address _target)
        public
        view
        override
        returns (uint256)
    {
        if (attributions[_target] > 0) {
            return (valueAll() * attributions[_target]) / totalAttributions;
        } else {
            return 0;
        }
    }

    /**
     * @notice return underlying value of this contract
     * @return all token value of the vault
     */
    function valueAll() public view returns (uint256) {
        if (address(controller) != address(0)) {
            return balance + controller.valueAll();
        } else {
            return balance;
        }
    }

    /**
     * @notice internal function to unutilize the funds and keep utilization rate
     * @param _amount amount to withdraw from controller
     */
    function _unutilize(uint256 _amount) internal {
        require(address(controller) != address(0), ""ERROR_CONTROLLER_NOT_SET"");

        controller.withdraw(address(this), _amount);
        balance += _amount;
    }

    /**
     * @notice return how much funds in this contract is available to be utilized
     * @return available balance to utilize
     */
    function available() public view returns (uint256) {
        return balance - totalDebt;
    }

    /**
     * @notice return how much price for each attribution
     * @return value of one share of attribution
     */
    function getPricePerFullShare() public view returns (uint256) {
        return (valueAll() * MAGIC_SCALE_1E6) / totalAttributions;
    }

    /**
     * onlyOwner
     */

    /**
     * @notice withdraw redundant token stored in this contract
     * @param _token token address
     * @param _to beneficiary's address
     */
    function withdrawRedundant(address _token, address _to)
        external
        override
        onlyOwner
    {
        if (
            _token == address(token) &&
            balance < IERC20(token).balanceOf(address(this))
        ) {
            uint256 _redundant = IERC20(token).balanceOf(address(this)) -
                balance;
            IERC20(token).safeTransfer(_to, _redundant);
        } else if (IERC20(_token).balanceOf(address(this)) > 0) {
            IERC20(_token).safeTransfer(
                _to,
                IERC20(_token).balanceOf(address(this))
            );
        }
    }

    /**
     * @notice admin function to set controller address
     * @param _controller address of the controller
     */
    function setController(address _controller) public override onlyOwner {
        require(_controller != address(0), ""ERROR_ZERO_ADDRESS"");

        if (address(controller) != address(0)) {
            controller.migrate(address(_controller));
            controller = IController(_controller);
        } else {
            controller = IController(_controller);
        }

        emit ControllerSet(_controller);
    }

    /**
     * @notice the controller can utilize all available stored funds
     * @param _keeper keeper address
     */
    function setKeeper(address _keeper) external override onlyOwner {
        if (keeper != _keeper) {
            keeper = _keeper;
        }
    }
}
.
To complete the task,  you must write a response that appropriately solves the requested instruction based on your expertise and customer's needs.]

Given the user's task and the brainstorming ideas provided:
Task: ""pragma solidity 0.8.7;

/**
 * @author InsureDAO
 * @title InsureDAO vault contract
 * @notice
 * SPDX-License-Identifier: GPL-3.0
 */
import ""@openzeppelin/contracts/token/ERC20/IERC20.sol"";
import ""@openzeppelin/contracts/token/ERC20/utils/SafeERC20.sol"";

import ""./interfaces/IOwnership.sol"";
import ""./interfaces/IVault.sol"";

import ""./interfaces/IController.sol"";
import ""./interfaces/IRegistry.sol"";

contract Vault is IVault {
    using SafeERC20 for IERC20;

    /**
     * Storage
     */

    address public override token;
    IController public controller;
    IRegistry public registry;
    IOwnership public ownership;

    mapping(address => uint256) public override debts;
    mapping(address => uint256) public attributions;
    uint256 public totalAttributions;

    address public keeper; //keeper can operate utilize(), if address zero, anyone can operate.
    uint256 public balance; //balance of underlying token
    uint256 public totalDebt; //total debt balance. 1debt:1token

    uint256 public constant MAGIC_SCALE_1E6 = 1e6; //internal multiplication scale 1e6 to reduce decimal truncation



    event ControllerSet(address controller);

    modifier onlyOwner() {
        require(
            ownership.owner() == msg.sender,
            ""Restricted: caller is not allowed to operate""
        );
        _;
    }

    modifier onlyMarket() {
        require(
            IRegistry(registry).isListed(msg.sender),
            ""ERROR_ONLY_MARKET""
        );
        _;
    }

    constructor(
        address _token,
        address _registry,
        address _controller,
        address _ownership
    ) {
        require(_token != address(0));
        require(_registry != address(0));
        require(_ownership != address(0));
        //controller can be zero

        token = _token;
        registry = IRegistry(_registry);
        controller = IController(_controller);
        ownership = IOwnership(_ownership);
    }

    /**
     * Vault Functions
     */

    /**
     * @notice A market contract can deposit collateral and get attribution point in return
     * @param  _amount amount of tokens to deposit
     * @param _from sender's address
     * @param _beneficiaries beneficiary's address array
     * @param _shares funds share within beneficiaries (100% = 1e6)
     * @return _allocations attribution amount generated from the transaction
     */
    function addValueBatch(
        uint256 _amount,
        address _from,
        address[2] memory _beneficiaries,
        uint256[2] memory _shares
    ) external override onlyMarket returns (uint256[2] memory _allocations) {
        
        require(_shares[0] + _shares[1] == 1000000, ""ERROR_INCORRECT_SHARE"");

        uint256 _attributions;
        if (totalAttributions == 0) {
            _attributions = _amount;
        } else {
            uint256 _pool = valueAll();
            _attributions = (_amount * totalAttributions) / _pool;
        }
        IERC20(token).safeTransferFrom(_from, address(this), _amount);

        balance += _amount;
        totalAttributions += _attributions;
        for (uint128 i = 0; i < 2; i++) {
            uint256 _allocation = (_shares[i] * _attributions) / MAGIC_SCALE_1E6;
            attributions[_beneficiaries[i]] += _allocation;
            _allocations[i] = _allocation;
        }
    }

    /**
     * @notice A market contract can deposit collateral and get attribution point in return
     * @param  _amount amount of tokens to deposit
     * @param _from sender's address
     * @param _beneficiary beneficiary's address
     * @return _attributions attribution amount generated from the transaction
     */

    function addValue(
        uint256 _amount,
        address _from,
        address _beneficiary
    ) external override onlyMarket returns (uint256 _attributions) {

        if (totalAttributions == 0) {
            _attributions = _amount;
        } else {
            uint256 _pool = valueAll();
            _attributions = (_amount * totalAttributions) / _pool;
        }
        IERC20(token).safeTransferFrom(_from, address(this), _amount);
        balance += _amount;
        totalAttributions += _attributions;
        attributions[_beneficiary] += _attributions;
    }

    /**
     * @notice an address that has balance in the vault can withdraw underlying value
     * @param _amount amount of tokens to withdraw
     * @param _to address to get underlying tokens
     * @return _attributions amount of attributions burnet
     */
    function withdrawValue(uint256 _amount, address _to)
        external
        override
        returns (uint256 _attributions)
    {
        require(
            attributions[msg.sender] > 0 &&
                underlyingValue(msg.sender) >= _amount,
            ""ERROR_WITHDRAW-VALUE_BADCONDITOONS""
        );
        _attributions = (totalAttributions * _amount) / valueAll();

        attributions[msg.sender] -= _attributions;
        totalAttributions -= _attributions;

        if (available() < _amount) {
            //when USDC in this contract isn't enough
            uint256 _shortage = _amount - available();
            _unutilize(_shortage);

            assert(available() >= _amount);
        }

        balance -= _amount;
        IERC20(token).safeTransfer(_to, _amount);
    }

    /**
     * @notice an address that has balance in the vault can transfer underlying value
     * @param _amount sender of value
     * @param _destination reciepient of value
     */

    function transferValue(uint256 _amount, address _destination)
        external
        override
        returns (uint256 _attributions)
    {
        require(
            attributions[msg.sender] > 0 &&
                underlyingValue(msg.sender) >= _amount,
            ""ERROR_TRANSFER-VALUE_BADCONDITOONS""
        );
        _attributions = (_amount * totalAttributions) / valueAll();
        attributions[msg.sender] -= _attributions;
        attributions[_destination] += _attributions;
    }

    /**
     * @notice a registered contract can borrow balance from the vault
     * @param _amount borrow amount
     * @param _to borrower's address
     */
    function borrowValue(uint256 _amount, address _to) external onlyMarket override {
        debts[msg.sender] += _amount;
        totalDebt += _amount;

        IERC20(token).safeTransfer(_to, _amount);
    }

    /**
     * @notice an address that has balance in the vault can offset an address's debt
     * @param _amount debt amount to offset
     * @param _target borrower's address
     */

    function offsetDebt(uint256 _amount, address _target)
        external
        override
        returns (uint256 _attributions)
    {
        require(
            attributions[msg.sender] > 0 &&
                underlyingValue(msg.sender) >= _amount,
            ""ERROR_REPAY_DEBT_BADCONDITOONS""
        );
        _attributions = (_amount * totalAttributions) / valueAll();
        attributions[msg.sender] -= _attributions;
        totalAttributions -= _attributions;
        balance -= _amount;
        debts[_target] -= _amount;
        totalDebt -= _amount;
    }

    /**
     * @notice a registerd market can transfer their debt to system debt
     * @param _amount debt amount to transfer
     * @dev will be called when CDS could not afford when resume the market.
     */
    function transferDebt(uint256 _amount) external onlyMarket override {

        if(_amount != 0){
            debts[msg.sender] -= _amount;
            debts[address(0)] += _amount;
        }
    }

    /**
     * @notice anyone can repay the system debt by sending tokens to this contract
     * @param _amount debt amount to repay
     * @param _target borrower's address
     */
    function repayDebt(uint256 _amount, address _target) external override {
        uint256 _debt = debts[_target];
        if (_debt >= _amount) {
            debts[_target] -= _amount;
            totalDebt -= _amount;
            IERC20(token).safeTransferFrom(msg.sender, address(this), _amount);
        } else {
            debts[_target] = 0;
            totalDebt -= _debt;
            IERC20(token).safeTransferFrom(msg.sender, address(this), _debt);
        }
    }

    /**
     * @notice an address that has balance in the vault can withdraw value denominated in attribution
     * @param _attribution amount of attribution to burn
     * @param _to beneficiary's address
     * @return _retVal number of tokens withdrawn from the transaction
     */
    function withdrawAttribution(uint256 _attribution, address _to)
        external
        override
        returns (uint256 _retVal)
    {
        _retVal = _withdrawAttribution(_attribution, _to);
    }

    /**
     * @notice an address that has balance in the vault can withdraw all value
     * @param _to beneficiary's address
     * @return _retVal number of tokens withdrawn from the transaction
     */
    function withdrawAllAttribution(address _to)
        external
        override
        returns (uint256 _retVal)
    {
        _retVal = _withdrawAttribution(attributions[msg.sender], _to);
    }

    /**
     * @notice an address that has balance in the vault can withdraw all value
     * @param _attribution amount of attribution to burn
     * @param _to beneficiary's address
     * @return _retVal number of tokens withdrawn from the transaction
     */
    function _withdrawAttribution(uint256 _attribution, address _to)
        internal
        returns (uint256 _retVal)
    {
        require(
            attributions[msg.sender] >= _attribution,
            ""ERROR_WITHDRAW-ATTRIBUTION_BADCONDITOONS""
        );
        _retVal = (_attribution * valueAll()) / totalAttributions;

        attributions[msg.sender] -= _attribution;
        totalAttributions -= _attribution;

        if (available() < _retVal) {
            uint256 _shortage = _retVal - available();
            _unutilize(_shortage);
        }

        balance -= _retVal;
        IERC20(token).safeTransfer(_to, _retVal);
    }

    /**
     * @notice an address that has balance in the vault can transfer value denominated in attribution
     * @param _amount amount of attribution to transfer
     * @param _destination reciepient of attribution
     */
    function transferAttribution(uint256 _amount, address _destination)
        external
        override
    {
        require(_destination != address(0), ""ERROR_ZERO_ADDRESS"");

        require(
            _amount != 0 && attributions[msg.sender] >= _amount,
            ""ERROR_TRANSFER-ATTRIBUTION_BADCONDITOONS""
        );

        attributions[msg.sender] -= _amount;
        attributions[_destination] += _amount;
    }

    /**
     * @notice the controller can utilize all available stored funds
     * @return _amount amount of tokens utilized
     */
    function utilize() external override returns (uint256 _amount) {
        if (keeper != address(0)) {
            require(msg.sender == keeper, ""ERROR_NOT_KEEPER"");
        }
        _amount = available(); //balance
        if (_amount > 0) {
            IERC20(token).safeTransfer(address(controller), _amount);
            balance -= _amount;
            controller.earn(address(token), _amount);
        }
    }

    /**
     * @notice get attribution number for the specified address
     * @param _target target address
     * @return amount of attritbution
     */

    function attributionOf(address _target)
        external
        view
        override
        returns (uint256)
    {
        return attributions[_target];
    }

    /**
     * @notice get all attribution number for this contract
     * @return amount of all attribution
     */
    function attributionAll() external view returns (uint256) {
        return totalAttributions;
    }

    /**
     * @notice Convert attribution number into underlying assset value
     * @param _attribution amount of attribution
     * @return token value of input attribution
     */
    function attributionValue(uint256 _attribution)
        external
        view
        override
        returns (uint256)
    {
        if (totalAttributions > 0 && _attribution > 0) {
            return (_attribution * valueAll()) / totalAttributions;
        } else {
            return 0;
        }
    }

    /**
     * @notice return underlying value of the specified address
     * @param _target target address
     * @return token value of target address
     */
    function underlyingValue(address _target)
        public
        view
        override
        returns (uint256)
    {
        if (attributions[_target] > 0) {
            return (valueAll() * attributions[_target]) / totalAttributions;
        } else {
            return 0;
        }
    }

    /**
     * @notice return underlying value of this contract
     * @return all token value of the vault
     */
    function valueAll() public view returns (uint256) {
        if (address(controller) != address(0)) {
            return balance + controller.valueAll();
        } else {
            return balance;
        }
    }

    /**
     * @notice internal function to unutilize the funds and keep utilization rate
     * @param _amount amount to withdraw from controller
     */
    function _unutilize(uint256 _amount) internal {
        require(address(controller) != address(0), ""ERROR_CONTROLLER_NOT_SET"");

        controller.withdraw(address(this), _amount);
        balance += _amount;
    }

    /**
     * @notice return how much funds in this contract is available to be utilized
     * @return available balance to utilize
     */
    function available() public view returns (uint256) {
        return balance - totalDebt;
    }

    /**
     * @notice return how much price for each attribution
     * @return value of one share of attribution
     */
    function getPricePerFullShare() public view returns (uint256) {
        return (valueAll() * MAGIC_SCALE_1E6) / totalAttributions;
    }

    /**
     * onlyOwner
     */

    /**
     * @notice withdraw redundant token stored in this contract
     * @param _token token address
     * @param _to beneficiary's address
     */
    function withdrawRedundant(address _token, address _to)
        external
        override
        onlyOwner
    {
        if (
            _token == address(token) &&
            balance < IERC20(token).balanceOf(address(this))
        ) {
            uint256 _redundant = IERC20(token).balanceOf(address(this)) -
                balance;
            IERC20(token).safeTransfer(_to, _redundant);
        } else if (IERC20(_token).balanceOf(address(this)) > 0) {
            IERC20(_token).safeTransfer(
                _to,
                IERC20(_token).balanceOf(address(this))
            );
        }
    }

    /**
     * @notice admin function to set controller address
     * @param _controller address of the controller
     */
    function setController(address _controller) public override onlyOwner {
        require(_controller != address(0), ""ERROR_ZERO_ADDRESS"");

        if (address(controller) != address(0)) {
            controller.migrate(address(_controller));
            controller = IController(_controller);
        } else {
            controller = IController(_controller);
        }

        emit ControllerSet(_controller);
    }

    /**
     * @notice the controller can utilize all available stored funds
     * @param _keeper keeper address
     */
    function setKeeper(address _keeper) external override onlyOwner {
        if (keeper != _keeper) {
            keeper = _keeper;
        }
    }
}
"".
Ideas: "" Transactions Order Dependence Identified.

VULNERABILITY NAME: Transactions Order Dependence
'''
The contract contains several functions that can be exploited due to the order of transaction execution. Specifically, the functions `withdrawValue`, `offsetDebt`, and `transferValue` are susceptible to manipulation by malicious actors who can exploit the timing of transactions to their advantage.

For example, in the `withdrawValue` function, the check for `underlyingValue(msg.sender) >= _amount` is performed before the actual transfer of tokens. If a malicious actor can execute a transaction that alters the state of the contract (e.g., by calling `addValue` or `borrowValue`) between the time they check their balance and the time they withdraw, they can effectively withdraw more tokens than they should be entitled to.

Similarly, in the `offsetDebt` function, if a user can manipulate the state of their attributions or debts before the transaction is processed, they can offset more debt than they should be able to.

To mitigate this vulnerability, it is recommended to implement checks-effects-interactions pattern, where state changes (like updating balances and debts) are made before any external calls (like transferring tokens). Additionally, consider using nonces or other mechanisms to ensure that transactions are processed in a predictable order, reducing the risk of exploitation through transaction reordering.
'''"".
As the Security Analyst, your primary objective is to conduct a comprehensive inspection of the provided contract code, with a particular focus on identifying vulnerabilities related to Timestamp Manipulation. Timestamp Manipulation vulnerabilities can occur in the following cases:
1. When the contract relies on block timestamps (e.g., block.timestamp, now) for critical decisions, such as generating randomness or enforcing time-based conditions.
2. When the contract uses block timestamps to determine the outcome of random number generation, which can be manipulated by miners.
3. When the contract's logic depends on exact timestamps for time-based conditions like auction timing or lockup periods, allowing miners to manipulate the outcome.
Please conduct a thorough analysis, considering the following information:
1. Review the contract's code logic to identify any potential areas where block timestamps are used for critical decisions.

2. Examine critical functions, particularly those involving randomness generation, timed conditions, and state changes based on timestamps, to ensure they have proper checks in place.

3. Verify that the contract minimizes reliance on block timestamps and uses alternative methods where possible to prevent manipulation.

If you identify Timestamp Manipulation, respond with: """,,,,,,,"<INFO> Assumption of Fixed-Length Array Identified.

VULNERABILITY NAME: Assumption of Fixed-Length Array in `addValueBatch`
'''
The function `addValueBatch` assumes that the `_beneficiaries` and `_shares` arrays will always have a fixed length of 2. If the caller provides arrays of a different length, it could lead to out-of-bounds errors when accessing the arrays. This can cause unexpected behavior or even allow an attacker to manipulate the contract's state.

**Recommended Mitigation/Fix:**
Implement a check to ensure that the length of the `_beneficiaries` and `_shares` arrays is exactly 2 before proceeding with the logic of the function. This can be done by adding a require statement at the beginning of the function:
```solidity
require(_beneficiaries.length == 2 && _shares.length == 2, ""ERROR_INVALID_ARRAY_LENGTH"");
```
'''

VULNERABILITY NAME: Assumption of Fixed-Length Array in `addValue`
'''
The function `addValue` also assumes that the `_beneficiary` parameter is a single address and does not account for potential changes in the expected input structure. While it does not directly use an array, if the function were to be modified in the future to accept multiple beneficiaries, it could lead to similar issues as seen in `addValueBatch`.

**Recommended Mitigation/Fix:**
To future-proof the function, consider implementing a similar check as in `addValueBatch` if the function is modified to accept an array of beneficiaries. For now, ensure that the function's documentation clearly states the expected input format.
'''

VULNERABILITY NAME: Assumption of Fixed-Length Array in `transferAttribution`
'''
The function `transferAttribution` assumes that the `_amount` parameter is valid and that the caller has sufficient attributions. If the function were to be modified to accept an array of amounts to transfer, it could lead to out-of-bounds errors similar to those identified in the previous functions.

**Recommended Mitigation/Fix:**
As with the previous functions, ensure that any future modifications to accept an array of amounts include checks for the array length and validity. For now, document the expected input clearly to prevent misuse.
'''

[2024-10-08 11:56:22 INFO] **[Execute Detail]**

execute SimplePhase:[WithdrawalFunctionDetector] in ComposedPhase:[CodeReview], cycle 1

[2024-10-08 11:56:22 INFO] System: **[chatting]**

| Parameter | Value |
| --- | --- |
| **task_prompt** | pragma solidity 0.8.7; /*  * @author InsureDAO  * @title InsureDAO vault contract  * @notice  * SPDX-License-Identifier: GPL-3.0  / import ""@openzeppelin/contracts/token/ERC20/IERC20.sol""; import ""@openzeppelin/contracts/token/ERC20/utils/SafeERC20.sol""; import ""./interfaces/IOwnership.sol""; import ""./interfaces/IVault.sol""; import ""./interfaces/IController.sol""; import ""./interfaces/IRegistry.sol""; contract Vault is IVault {     using SafeERC20 for IERC20; /**  * Storage  */  address public override token; IController public controller; IRegistry public registry; IOwnership public ownership;  mapping(address =&gt; uint256) public override debts; mapping(address =&gt; uint256) public attributions; uint256 public totalAttributions;  address public keeper; //keeper can operate utilize(), if address zero, anyone can operate. uint256 public balance; //balance of underlying token uint256 public totalDebt; //total debt balance. 1debt:1token  uint256 public constant MAGIC_SCALE_1E6 = 1e6; //internal multiplication scale 1e6 to reduce decimal truncation    event ControllerSet(address controller);  modifier onlyOwner() {     require(         ownership.owner() == msg.sender,         ""Restricted: caller is not allowed to operate""     );     _; }  modifier onlyMarket() {     require(         IRegistry(registry).isListed(msg.sender),         ""ERROR_ONLY_MARKET""     );     _; }  constructor(     address _token,     address _registry,     address _controller,     address _ownership ) {     require(_token != address(0));     require(_registry != address(0));     require(_ownership != address(0));     //controller can be zero      token = _token;     registry = IRegistry(_registry);     controller = IController(_controller);     ownership = IOwnership(_ownership); }  /**  * Vault Functions  */  /**  * @notice A market contract can deposit collateral and get attribution point in return  * @param  _amount amount of tokens to deposit  * @param _from sender's address  * @param _beneficiaries beneficiary's address array  * @param _shares funds share within beneficiaries (100% = 1e6)  * @return _allocations attribution amount generated from the transaction  */ function addValueBatch(     uint256 _amount,     address _from,     address[2] memory _beneficiaries,     uint256[2] memory _shares ) external override onlyMarket returns (uint256[2] memory _allocations) {      require(_shares[0] + _shares[1] == 1000000, ""ERROR_INCORRECT_SHARE"");      uint256 _attributions;     if (totalAttributions == 0) {         _attributions = _amount;     } else {         uint256 _pool = valueAll();         _attributions = (_amount * totalAttributions) / _pool;     }     IERC20(token).safeTransferFrom(_from, address(this), _amount);      balance += _amount;     totalAttributions += _attributions;     for (uint128 i = 0; i &lt; 2; i++) {         uint256 _allocation = (_shares[i] * _attributions) / MAGIC_SCALE_1E6;         attributions[_beneficiaries[i]] += _allocation;         _allocations[i] = _allocation;     } }  /**  * @notice A market contract can deposit collateral and get attribution point in return  * @param  _amount amount of tokens to deposit  * @param _from sender's address  * @param _beneficiary beneficiary's address  * @return _attributions attribution amount generated from the transaction  */  function addValue(     uint256 _amount,     address _from,     address _beneficiary ) external override onlyMarket returns (uint256 _attributions) {      if (totalAttributions == 0) {         _attributions = _amount;     } else {         uint256 _pool = valueAll();         _attributions = (_amount * totalAttributions) / _pool;     }     IERC20(token).safeTransferFrom(_from, address(this), _amount);     balance += _amount;     totalAttributions += _attributions;     attributions[_beneficiary] += _attributions; }  /**  * @notice an address that has balance in the vault can withdraw underlying value  * @param _amount amount of tokens to withdraw  * @param _to address to get underlying tokens  * @return _attributions amount of attributions burnet  */ function withdrawValue(uint256 _amount, address _to)     external     override     returns (uint256 _attributions) {     require(         attributions[msg.sender] &gt; 0 &amp;&amp;             underlyingValue(msg.sender) &gt;= _amount,         ""ERROR_WITHDRAW-VALUE_BADCONDITOONS""     );     _attributions = (totalAttributions * _amount) / valueAll();      attributions[msg.sender] -= _attributions;     totalAttributions -= _attributions;      if (available() &lt; _amount) {         //when USDC in this contract isn't enough         uint256 _shortage = _amount - available();         _unutilize(_shortage);          assert(available() &gt;= _amount);     }      balance -= _amount;     IERC20(token).safeTransfer(_to, _amount); }  /**  * @notice an address that has balance in the vault can transfer underlying value  * @param _amount sender of value  * @param _destination reciepient of value  */  function transferValue(uint256 _amount, address _destination)     external     override     returns (uint256 _attributions) {     require(         attributions[msg.sender] &gt; 0 &amp;&amp;             underlyingValue(msg.sender) &gt;= _amount,         ""ERROR_TRANSFER-VALUE_BADCONDITOONS""     );     _attributions = (_amount * totalAttributions) / valueAll();     attributions[msg.sender] -= _attributions;     attributions[_destination] += _attributions; }  /**  * @notice a registered contract can borrow balance from the vault  * @param _amount borrow amount  * @param _to borrower's address  */ function borrowValue(uint256 _amount, address _to) external onlyMarket override {     debts[msg.sender] += _amount;     totalDebt += _amount;      IERC20(token).safeTransfer(_to, _amount); }  /**  * @notice an address that has balance in the vault can offset an address's debt  * @param _amount debt amount to offset  * @param _target borrower's address  */  function offsetDebt(uint256 _amount, address _target)     external     override     returns (uint256 _attributions) {     require(         attributions[msg.sender] &gt; 0 &amp;&amp;             underlyingValue(msg.sender) &gt;= _amount,         ""ERROR_REPAY_DEBT_BADCONDITOONS""     );     _attributions = (_amount * totalAttributions) / valueAll();     attributions[msg.sender] -= _attributions;     totalAttributions -= _attributions;     balance -= _amount;     debts[_target] -= _amount;     totalDebt -= _amount; }  /**  * @notice a registerd market can transfer their debt to system debt  * @param _amount debt amount to transfer  * @dev will be called when CDS could not afford when resume the market.  */ function transferDebt(uint256 _amount) external onlyMarket override {      if(_amount != 0){         debts[msg.sender] -= _amount;         debts[address(0)] += _amount;     } }  /**  * @notice anyone can repay the system debt by sending tokens to this contract  * @param _amount debt amount to repay  * @param _target borrower's address  */ function repayDebt(uint256 _amount, address _target) external override {     uint256 _debt = debts[_target];     if (_debt &gt;= _amount) {         debts[_target] -= _amount;         totalDebt -= _amount;         IERC20(token).safeTransferFrom(msg.sender, address(this), _amount);     } else {         debts[_target] = 0;         totalDebt -= _debt;         IERC20(token).safeTransferFrom(msg.sender, address(this), _debt);     } }  /**  * @notice an address that has balance in the vault can withdraw value denominated in attribution  * @param _attribution amount of attribution to burn  * @param _to beneficiary's address  * @return _retVal number of tokens withdrawn from the transaction  */ function withdrawAttribution(uint256 _attribution, address _to)     external     override     returns (uint256 _retVal) {     _retVal = _withdrawAttribution(_attribution, _to); }  /**  * @notice an address that has balance in the vault can withdraw all value  * @param _to beneficiary's address  * @return _retVal number of tokens withdrawn from the transaction  */ function withdrawAllAttribution(address _to)     external     override     returns (uint256 _retVal) {     _retVal = _withdrawAttribution(attributions[msg.sender], _to); }  /**  * @notice an address that has balance in the vault can withdraw all value  * @param _attribution amount of attribution to burn  * @param _to beneficiary's address  * @return _retVal number of tokens withdrawn from the transaction  */ function _withdrawAttribution(uint256 _attribution, address _to)     internal     returns (uint256 _retVal) {     require(         attributions[msg.sender] &gt;= _attribution,         ""ERROR_WITHDRAW-ATTRIBUTION_BADCONDITOONS""     );     _retVal = (_attribution * valueAll()) / totalAttributions;      attributions[msg.sender] -= _attribution;     totalAttributions -= _attribution;      if (available() &lt; _retVal) {         uint256 _shortage = _retVal - available();         _unutilize(_shortage);     }      balance -= _retVal;     IERC20(token).safeTransfer(_to, _retVal); }  /**  * @notice an address that has balance in the vault can transfer value denominated in attribution  * @param _amount amount of attribution to transfer  * @param _destination reciepient of attribution  */ function transferAttribution(uint256 _amount, address _destination)     external     override {     require(_destination != address(0), ""ERROR_ZERO_ADDRESS"");      require(         _amount != 0 &amp;&amp; attributions[msg.sender] &gt;= _amount,         ""ERROR_TRANSFER-ATTRIBUTION_BADCONDITOONS""     );      attributions[msg.sender] -= _amount;     attributions[_destination] += _amount; }  /**  * @notice the controller can utilize all available stored funds  * @return _amount amount of tokens utilized  */ function utilize() external override returns (uint256 _amount) {     if (keeper != address(0)) {         require(msg.sender == keeper, ""ERROR_NOT_KEEPER"");     }     _amount = available(); //balance     if (_amount &gt; 0) {         IERC20(token).safeTransfer(address(controller), _amount);         balance -= _amount;         controller.earn(address(token), _amount);     } }  /**  * @notice get attribution number for the specified address  * @param _target target address  * @return amount of attritbution  */  function attributionOf(address _target)     external     view     override     returns (uint256) {     return attributions[_target]; }  /**  * @notice get all attribution number for this contract  * @return amount of all attribution  */ function attributionAll() external view returns (uint256) {     return totalAttributions; }  /**  * @notice Convert attribution number into underlying assset value  * @param _attribution amount of attribution  * @return token value of input attribution  */ function attributionValue(uint256 _attribution)     external     view     override     returns (uint256) {     if (totalAttributions &gt; 0 &amp;&amp; _attribution &gt; 0) {         return (_attribution * valueAll()) / totalAttributions;     } else {         return 0;     } }  /**  * @notice return underlying value of the specified address  * @param _target target address  * @return token value of target address  */ function underlyingValue(address _target)     public     view     override     returns (uint256) {     if (attributions[_target] &gt; 0) {         return (valueAll() * attributions[_target]) / totalAttributions;     } else {         return 0;     } }  /**  * @notice return underlying value of this contract  * @return all token value of the vault  */ function valueAll() public view returns (uint256) {     if (address(controller) != address(0)) {         return balance + controller.valueAll();     } else {         return balance;     } }  /**  * @notice internal function to unutilize the funds and keep utilization rate  * @param _amount amount to withdraw from controller  */ function _unutilize(uint256 _amount) internal {     require(address(controller) != address(0), ""ERROR_CONTROLLER_NOT_SET"");      controller.withdraw(address(this), _amount);     balance += _amount; }  /**  * @notice return how much funds in this contract is available to be utilized  * @return available balance to utilize  */ function available() public view returns (uint256) {     return balance - totalDebt; }  /**  * @notice return how much price for each attribution  * @return value of one share of attribution  */ function getPricePerFullShare() public view returns (uint256) {     return (valueAll() * MAGIC_SCALE_1E6) / totalAttributions; }  /**  * onlyOwner  */  /**  * @notice withdraw redundant token stored in this contract  * @param _token token address  * @param _to beneficiary's address  */ function withdrawRedundant(address _token, address _to)     external     override     onlyOwner {     if (         _token == address(token) &amp;&amp;         balance &lt; IERC20(token).balanceOf(address(this))     ) {         uint256 _redundant = IERC20(token).balanceOf(address(this)) -             balance;         IERC20(token).safeTransfer(_to, _redundant);     } else if (IERC20(_token).balanceOf(address(this)) &gt; 0) {         IERC20(_token).safeTransfer(             _to,             IERC20(_token).balanceOf(address(this))         );     } }  /**  * @notice admin function to set controller address  * @param _controller address of the controller  */ function setController(address _controller) public override onlyOwner {     require(_controller != address(0), ""ERROR_ZERO_ADDRESS"");      if (address(controller) != address(0)) {         controller.migrate(address(_controller));         controller = IController(_controller);     } else {         controller = IController(_controller);     }      emit ControllerSet(_controller); }  /**  * @notice the controller can utilize all available stored funds  * @param _keeper keeper address  */ function setKeeper(address _keeper) external override onlyOwner {     if (keeper != _keeper) {         keeper = _keeper;     } }  } |
| **need_reflect** | False |
| **assistant_role_name** | Security Analyst |
| **user_role_name** | Solidity Programming Expert |
| **phase_prompt** | Given the user's task and the brainstorming ideas provided: Task: ""{task}"". Ideas: ""{ideas}"". As the {assistant_role}, your primary objective is to perform a thorough and detailed inspection of the provided contract code, with a particular focus on identifying vulnerabilities related to the Lack of Withdrawal Function. Your analysis should determine if the contract provides a secure method for users to withdraw their funds. Proceed with the following steps in your analysis: 1. Scrutinize the contract's code to determine if there is a function that allows users to withdraw their deposited funds. 2. Scan the contract for any functions related to withdrawing Ether or other assets. Document each instance and investigate the logic to ensure it is implemented securely. 3. Evaluate whether the withdrawal function, if present, follows best practices to prevent common vulnerabilities such as reentrancy attacks. Ensure it uses the Checks-Effects-Interactions pattern. 4. If no withdrawal function is found, assess the impact on users who have deposited funds into the contract. Highlight the importance of having a secure withdrawal mechanism. If you discover a lack of a withdrawal function, respond with: "" Lack of Withdrawal Function Identified."" For each vulnerability identified, use the following format: VULNERABILITY NAME or TYPE ''' DETAILED DESCRIPTION of the vulnerability, AND recommended mitigation/fix with no upgrade code ''' If a secure withdrawal function is found and no issues are identified, respond only with: "" Withdrawal Function Present and Secure."" |
| **phase_name** | WithdrawalFunctionDetector |
| **assistant_role_prompt** | {chatdev_prompt} You are Security Analyst. Now, we are both working at ChatDev and share a common interest in collaborating to successfully execute a marketing strategy for a new customer. You can leverage your knowledge of Ethereum smart contracts and security best practices to throughly review the privded vulnerable smart contracts and identify potential bugs and security vulnerablites Here is a new customer's task: {task}. To complete the task,  you must write a response that appropriately solves the requested instruction based on your expertise and customer's needs. |
| **user_role_prompt** | {chatdev_prompt} You are Solidity Programming Expert. Now, we are both working at ChatDev and share a common interest in collaborating to successfully execute a marketing strategy for a new customer. You can analyze the code structure, logic, and implementation details of the contracts. You have extensive computing and coding experience in Solidity programming language. Here is a new customer's task: {task}. To complete the task,  you must write a response that appropriately solves the requested instruction based on your expertise and customer's needs. |
| **chat_turn_limit** | 1 |
| **placeholders** | {'cycle_num': 1, 'modification_conclusion': '', 'cycle_index': 1, 'task': 'pragma solidity 0.8.7;\n\n/\n * @author InsureDAO\n * @title InsureDAO vault contract\n * @notice\n * SPDX-License-Identifier: GPL-3.0\n */\nimport ""@openzeppelin/contracts/token/ERC20/IERC20.sol"";\nimport ""@openzeppelin/contracts/token/ERC20/utils/SafeERC20.sol"";\n\nimport ""./interfaces/IOwnership.sol"";\nimport ""./interfaces/IVault.sol"";\n\nimport ""./interfaces/IController.sol"";\nimport ""./interfaces/IRegistry.sol"";\n\ncontract Vault is IVault {\n    using SafeERC20 for IERC20;\n\n    /\n     * Storage\n     /\n\n    address public override token;\n    IController public controller;\n    IRegistry public registry;\n    IOwnership public ownership;\n\n    mapping(address =&gt; uint256) public override debts;\n    mapping(address =&gt; uint256) public attributions;\n    uint256 public totalAttributions;\n\n    address public keeper; //keeper can operate utilize(), if address zero, anyone can operate.\n    uint256 public balance; //balance of underlying token\n    uint256 public totalDebt; //total debt balance. 1debt:1token\n\n    uint256 public constant MAGIC_SCALE_1E6 = 1e6; //internal multiplication scale 1e6 to reduce decimal truncation\n\n\n\n    event ControllerSet(address controller);\n\n    modifier onlyOwner() {\n        require(\n            ownership.owner() == msg.sender,\n            ""Restricted: caller is not allowed to operate""\n        );\n        ;\n    }\n\n    modifier onlyMarket() {\n        require(\n            IRegistry(registry).isListed(msg.sender),\n            ""ERROR_ONLY_MARKET""\n        );\n        ;\n    }\n\n    constructor(\n        address _token,\n        address _registry,\n        address _controller,\n        address _ownership\n    ) {\n        require(_token != address(0));\n        require(_registry != address(0));\n        require(_ownership != address(0));\n        //controller can be zero\n\n        token = _token;\n        registry = IRegistry(_registry);\n        controller = IController(_controller);\n        ownership = IOwnership(_ownership);\n    }\n\n    /\n     * Vault Functions\n     /\n\n    /\n     * @notice A market contract can deposit collateral and get attribution point in return\n     * @param  _amount amount of tokens to deposit\n     * @param _from sender\'s address\n     * @param _beneficiaries beneficiary\'s address array\n     * @param _shares funds share within beneficiaries (100% = 1e6)\n     * @return _allocations attribution amount generated from the transaction\n     */\n    function addValueBatch(\n        uint256 _amount,\n        address _from,\n        address[2] memory _beneficiaries,\n        uint256[2] memory _shares\n    ) external override onlyMarket returns (uint256[2] memory _allocations) {\n        \n        require(_shares[0] + _shares[1] == 1000000, ""ERROR_INCORRECT_SHARE"");\n\n        uint256 _attributions;\n        if (totalAttributions == 0) {\n            _attributions = _amount;\n        } else {\n            uint256 _pool = valueAll();\n            _attributions = (_amount * totalAttributions) / _pool;\n        }\n        IERC20(token).safeTransferFrom(_from, address(this), _amount);\n\n        balance += _amount;\n        totalAttributions += _attributions;\n        for (uint128 i = 0; i &lt; 2; i++) {\n            uint256 _allocation = (_shares[i] * _attributions) / MAGIC_SCALE_1E6;\n            attributions[_beneficiaries[i]] += _allocation;\n            _allocations[i] = _allocation;\n        }\n    }\n\n    /\n     * @notice A market contract can deposit collateral and get attribution point in return\n     * @param  _amount amount of tokens to deposit\n     * @param _from sender\'s address\n     * @param _beneficiary beneficiary\'s address\n     * @return _attributions attribution amount generated from the transaction\n     /\n\n    function addValue(\n        uint256 _amount,\n        address _from,\n        address _beneficiary\n    ) external override onlyMarket returns (uint256 _attributions) {\n\n        if (totalAttributions == 0) {\n            _attributions = _amount;\n        } else {\n            uint256 _pool = valueAll();\n            _attributions = (_amount * totalAttributions) / _pool;\n        }\n        IERC20(token).safeTransferFrom(_from, address(this), _amount);\n        balance += _amount;\n        totalAttributions += _attributions;\n        attributions[_beneficiary] += _attributions;\n    }\n\n    /\n     * @notice an address that has balance in the vault can withdraw underlying value\n     * @param _amount amount of tokens to withdraw\n     * @param _to address to get underlying tokens\n     * @return _attributions amount of attributions burnet\n     /\n    function withdrawValue(uint256 _amount, address _to)\n        external\n        override\n        returns (uint256 _attributions)\n    {\n        require(\n            attributions[msg.sender] &gt; 0 &amp;&amp;\n                underlyingValue(msg.sender) &gt;= _amount,\n            ""ERROR_WITHDRAW-VALUE_BADCONDITOONS""\n        );\n        _attributions = (totalAttributions * _amount) / valueAll();\n\n        attributions[msg.sender] -= _attributions;\n        totalAttributions -= _attributions;\n\n        if (available() &lt; _amount) {\n            //when USDC in this contract isn\'t enough\n            uint256 _shortage = _amount - available();\n            _unutilize(_shortage);\n\n            assert(available() &gt;= _amount);\n        }\n\n        balance -= _amount;\n        IERC20(token).safeTransfer(_to, _amount);\n    }\n\n    /\n     * @notice an address that has balance in the vault can transfer underlying value\n     * @param _amount sender of value\n     * @param _destination reciepient of value\n     */\n\n    function transferValue(uint256 _amount, address _destination)\n        external\n        override\n        returns (uint256 _attributions)\n    {\n        require(\n            attributions[msg.sender] &gt; 0 &amp;&amp;\n                underlyingValue(msg.sender) &gt;= _amount,\n            ""ERROR_TRANSFER-VALUE_BADCONDITOONS""\n        );\n        _attributions = (_amount * totalAttributions) / valueAll();\n        attributions[msg.sender] -= _attributions;\n        attributions[_destination] += _attributions;\n    }\n\n    /\n     * @notice a registered contract can borrow balance from the vault\n     * @param _amount borrow amount\n     * @param _to borrower\'s address\n     /\n    function borrowValue(uint256 _amount, address _to) external onlyMarket override {\n        debts[msg.sender] += _amount;\n        totalDebt += _amount;\n\n        IERC20(token).safeTransfer(_to, _amount);\n    }\n\n    /\n     * @notice an address that has balance in the vault can offset an address\'s debt\n     * @param _amount debt amount to offset\n     * @param _target borrower\'s address\n     /\n\n    function offsetDebt(uint256 _amount, address _target)\n        external\n        override\n        returns (uint256 _attributions)\n    {\n        require(\n            attributions[msg.sender] &gt; 0 &amp;&amp;\n                underlyingValue(msg.sender) &gt;= _amount,\n            ""ERROR_REPAY_DEBT_BADCONDITOONS""\n        );\n        _attributions = (_amount * totalAttributions) / valueAll();\n        attributions[msg.sender] -= _attributions;\n        totalAttributions -= _attributions;\n        balance -= _amount;\n        debts[_target] -= _amount;\n        totalDebt -= _amount;\n    }\n\n    /\n     * @notice a registerd market can transfer their debt to system debt\n     * @param _amount debt amount to transfer\n     * @dev will be called when CDS could not afford when resume the market.\n     */\n    function transferDebt(uint256 _amount) external onlyMarket override {\n\n        if(_amount != 0){\n            debts[msg.sender] -= _amount;\n            debts[address(0)] += _amount;\n        }\n    }\n\n    /\n     * @notice anyone can repay the system debt by sending tokens to this contract\n     * @param _amount debt amount to repay\n     * @param _target borrower\'s address\n     /\n    function repayDebt(uint256 _amount, address _target) external override {\n        uint256 _debt = debts[_target];\n        if (_debt &gt;= _amount) {\n            debts[_target] -= _amount;\n            totalDebt -= _amount;\n            IERC20(token).safeTransferFrom(msg.sender, address(this), _amount);\n        } else {\n            debts[_target] = 0;\n            totalDebt -= _debt;\n            IERC20(token).safeTransferFrom(msg.sender, address(this), _debt);\n        }\n    }\n\n    /\n     * @notice an address that has balance in the vault can withdraw value denominated in attribution\n     * @param _attribution amount of attribution to burn\n     * @param _to beneficiary\'s address\n     * @return _retVal number of tokens withdrawn from the transaction\n     /\n    function withdrawAttribution(uint256 _attribution, address _to)\n        external\n        override\n        returns (uint256 _retVal)\n    {\n        _retVal = _withdrawAttribution(_attribution, _to);\n    }\n\n    /\n     * @notice an address that has balance in the vault can withdraw all value\n     * @param _to beneficiary\'s address\n     * @return _retVal number of tokens withdrawn from the transaction\n     */\n    function withdrawAllAttribution(address _to)\n        external\n        override\n        returns (uint256 _retVal)\n    {\n        _retVal = _withdrawAttribution(attributions[msg.sender], _to);\n    }\n\n    /\n     * @notice an address that has balance in the vault can withdraw all value\n     * @param _attribution amount of attribution to burn\n     * @param _to beneficiary\'s address\n     * @return _retVal number of tokens withdrawn from the transaction\n     /\n    function _withdrawAttribution(uint256 _attribution, address _to)\n        internal\n        returns (uint256 _retVal)\n    {\n        require(\n            attributions[msg.sender] &gt;= _attribution,\n            ""ERROR_WITHDRAW-ATTRIBUTION_BADCONDITOONS""\n        );\n        _retVal = (_attribution * valueAll()) / totalAttributions;\n\n        attributions[msg.sender] -= _attribution;\n        totalAttributions -= _attribution;\n\n        if (available() &lt; _retVal) {\n            uint256 _shortage = _retVal - available();\n            _unutilize(_shortage);\n        }\n\n        balance -= _retVal;\n        IERC20(token).safeTransfer(_to, _retVal);\n    }\n\n    /\n     * @notice an address that has balance in the vault can transfer value denominated in attribution\n     * @param _amount amount of attribution to transfer\n     * @param _destination reciepient of attribution\n     /\n    function transferAttribution(uint256 _amount, address _destination)\n        external\n        override\n    {\n        require(_destination != address(0), ""ERROR_ZERO_ADDRESS"");\n\n        require(\n            _amount != 0 &amp;&amp; attributions[msg.sender] &gt;= _amount,\n            ""ERROR_TRANSFER-ATTRIBUTION_BADCONDITOONS""\n        );\n\n        attributions[msg.sender] -= _amount;\n        attributions[_destination] += _amount;\n    }\n\n    /\n     * @notice the controller can utilize all available stored funds\n     * @return _amount amount of tokens utilized\n     */\n    function utilize() external override returns (uint256 _amount) {\n        if (keeper != address(0)) {\n            require(msg.sender == keeper, ""ERROR_NOT_KEEPER"");\n        }\n        _amount = available(); //balance\n        if (_amount &gt; 0) {\n            IERC20(token).safeTransfer(address(controller), _amount);\n            balance -= _amount;\n            controller.earn(address(token), _amount);\n        }\n    }\n\n    /\n     * @notice get attribution number for the specified address\n     * @param _target target address\n     * @return amount of attritbution\n     /\n\n    function attributionOf(address _target)\n        external\n        view\n        override\n        returns (uint256)\n    {\n        return attributions[_target];\n    }\n\n    /\n     * @notice get all attribution number for this contract\n     * @return amount of all attribution\n     /\n    function attributionAll() external view returns (uint256) {\n        return totalAttributions;\n    }\n\n    /\n     * @notice Convert attribution number into underlying assset value\n     * @param _attribution amount of attribution\n     * @return token value of input attribution\n     */\n    function attributionValue(uint256 _attribution)\n        external\n        view\n        override\n        returns (uint256)\n    {\n        if (totalAttributions &gt; 0 &amp;&amp; _attribution &gt; 0) {\n            return (_attribution * valueAll()) / totalAttributions;\n        } else {\n            return 0;\n        }\n    }\n\n    /\n     * @notice return underlying value of the specified address\n     * @param _target target address\n     * @return token value of target address\n     /\n    function underlyingValue(address _target)\n        public\n        view\n        override\n        returns (uint256)\n    {\n        if (attributions[_target] &gt; 0) {\n            return (valueAll() * attributions[_target]) / totalAttributions;\n        } else {\n            return 0;\n        }\n    }\n\n    /\n     * @notice return underlying value of this contract\n     * @return all token value of the vault\n     /\n    function valueAll() public view returns (uint256) {\n        if (address(controller) != address(0)) {\n            return balance + controller.valueAll();\n        } else {\n            return balance;\n        }\n    }\n\n    /\n     * @notice internal function to unutilize the funds and keep utilization rate\n     * @param _amount amount to withdraw from controller\n     */\n    function _unutilize(uint256 _amount) internal {\n        require(address(controller) != address(0), ""ERROR_CONTROLLER_NOT_SET"");\n\n        controller.withdraw(address(this), _amount);\n        balance += _amount;\n    }\n\n    /\n     * @notice return how much funds in this contract is available to be utilized\n     * @return available balance to utilize\n     /\n    function available() public view returns (uint256) {\n        return balance - totalDebt;\n    }\n\n    /\n     * @notice return how much price for each attribution\n     * @return value of one share of attribution\n     /\n    function getPricePerFullShare() public view returns (uint256) {\n        return (valueAll() * MAGIC_SCALE_1E6) / totalAttributions;\n    }\n\n    /\n     * onlyOwner\n     */\n\n    /\n     * @notice withdraw redundant token stored in this contract\n     * @param _token token address\n     * @param _to beneficiary\'s address\n     /\n    function withdrawRedundant(address _token, address _to)\n        external\n        override\n        onlyOwner\n    {\n        if (\n            _token == address(token) &amp;&amp;\n            balance &lt; IERC20(token).balanceOf(address(this))\n        ) {\n            uint256 _redundant = IERC20(token).balanceOf(address(this)) -\n                balance;\n            IERC20(token).safeTransfer(_to, _redundant);\n        } else if (IERC20(_token).balanceOf(address(this)) &gt; 0) {\n            IERC20(_token).safeTransfer(\n                _to,\n                IERC20(_token).balanceOf(address(this))\n            );\n        }\n    }\n\n    /\n     * @notice admin function to set controller address\n     * @param _controller address of the controller\n     /\n    function setController(address _controller) public override onlyOwner {\n        require(_controller != address(0), ""ERROR_ZERO_ADDRESS"");\n\n        if (address(controller) != address(0)) {\n            controller.migrate(address(_controller));\n            controller = IController(_controller);\n        } else {\n            controller = IController(_controller);\n        }\n\n        emit ControllerSet(_controller);\n    }\n\n    /\n     * @notice the controller can utilize all available stored funds\n     * @param _keeper keeper address\n     */\n    function setKeeper(address _keeper) external override onlyOwner {\n        if (keeper != _keeper) {\n            keeper = _keeper;\n        }\n    }\n}\n', 'ideas': ' Assumption of Fixed-Length Array Identified.\n\nVULNERABILITY NAME: Assumption of Fixed-Length Array in addValueBatch\n\'\'\'\nThe function addValueBatch assumes that the _beneficiaries and _shares arrays will always have a fixed length of 2. If the caller provides arrays of a different length, it could lead to out-of-bounds errors when accessing the arrays. This can cause unexpected behavior or even allow an attacker to manipulate the contract\'s state.\n\nRecommended Mitigation/Fix:\nImplement a check to ensure that the length of the _beneficiaries and _shares arrays is exactly 2 before proceeding with the logic of the function. This can be done by adding a require statement at the beginning of the function:\nsolidity\nrequire(_beneficiaries.length == 2 &amp;&amp; _shares.length == 2, ""ERROR_INVALID_ARRAY_LENGTH"");\n\n\'\'\'\n\nVULNERABILITY NAME: Assumption of Fixed-Length Array in addValue\n\'\'\'\nThe function addValue also assumes that the _beneficiary parameter is a single address and does not account for potential changes in the expected input structure. While it does not directly use an array, if the function were to be modified in the future to accept multiple beneficiaries, it could lead to similar issues as seen in addValueBatch.\n\nRecommended Mitigation/Fix:\nTo future-proof the function, consider implementing a similar check as in addValueBatch if the function is modified to accept an array of beneficiaries. For now, ensure that the function\'s documentation clearly states the expected input format.\n\'\'\'\n\nVULNERABILITY NAME: Assumption of Fixed-Length Array in transferAttribution\n\'\'\'\nThe function transferAttribution assumes that the _amount parameter is valid and that the caller has sufficient attributions. If the function were to be modified to accept an array of amounts to transfer, it could lead to out-of-bounds errors similar to those identified in the previous functions.\n\nRecommended Mitigation/Fix:**\nAs with the previous functions, ensure that any future modifications to accept an array of amounts include checks for the array length and validity. For now, document the expected input clearly to prevent misuse.\n\'\'\''} |
| **memory** | No existed memory |
| **model_type** | ModelType.GPT_4_O_MINI |

[2024-10-08 11:56:22 INFO] System: **[RolePlaying]**

| Parameter | Value |
| --- | --- |
| **assistant_role_name** | Security Analyst |
| **user_role_name** | Solidity Programming Expert |
| **assistant_role_prompt** | {chatdev_prompt} You are Security Analyst. Now, we are both working at ChatDev and share a common interest in collaborating to successfully execute a marketing strategy for a new customer. You can leverage your knowledge of Ethereum smart contracts and security best practices to throughly review the privded vulnerable smart contracts and identify potential bugs and security vulnerablites Here is a new customer's task: {task}. To complete the task,  you must write a response that appropriately solves the requested instruction based on your expertise and customer's needs. |
| **user_role_prompt** | {chatdev_prompt} You are Solidity Programming Expert. Now, we are both working at ChatDev and share a common interest in collaborating to successfully execute a marketing strategy for a new customer. You can analyze the code structure, logic, and implementation details of the contracts. You have extensive computing and coding experience in Solidity programming language. Here is a new customer's task: {task}. To complete the task,  you must write a response that appropriately solves the requested instruction based on your expertise and customer's needs. |
| **task_prompt** | pragma solidity 0.8.7; /*  * @author InsureDAO  * @title InsureDAO vault contract  * @notice  * SPDX-License-Identifier: GPL-3.0  / import ""@openzeppelin/contracts/token/ERC20/IERC20.sol""; import ""@openzeppelin/contracts/token/ERC20/utils/SafeERC20.sol""; import ""./interfaces/IOwnership.sol""; import ""./interfaces/IVault.sol""; import ""./interfaces/IController.sol""; import ""./interfaces/IRegistry.sol""; contract Vault is IVault {     using SafeERC20 for IERC20; /**  * Storage  */  address public override token; IController public controller; IRegistry public registry; IOwnership public ownership;  mapping(address =&gt; uint256) public override debts; mapping(address =&gt; uint256) public attributions; uint256 public totalAttributions;  address public keeper; //keeper can operate utilize(), if address zero, anyone can operate. uint256 public balance; //balance of underlying token uint256 public totalDebt; //total debt balance. 1debt:1token  uint256 public constant MAGIC_SCALE_1E6 = 1e6; //internal multiplication scale 1e6 to reduce decimal truncation    event ControllerSet(address controller);  modifier onlyOwner() {     require(         ownership.owner() == msg.sender,         ""Restricted: caller is not allowed to operate""     );     _; }  modifier onlyMarket() {     require(         IRegistry(registry).isListed(msg.sender),         ""ERROR_ONLY_MARKET""     );     _; }  constructor(     address _token,     address _registry,     address _controller,     address _ownership ) {     require(_token != address(0));     require(_registry != address(0));     require(_ownership != address(0));     //controller can be zero      token = _token;     registry = IRegistry(_registry);     controller = IController(_controller);     ownership = IOwnership(_ownership); }  /**  * Vault Functions  */  /**  * @notice A market contract can deposit collateral and get attribution point in return  * @param  _amount amount of tokens to deposit  * @param _from sender's address  * @param _beneficiaries beneficiary's address array  * @param _shares funds share within beneficiaries (100% = 1e6)  * @return _allocations attribution amount generated from the transaction  */ function addValueBatch(     uint256 _amount,     address _from,     address[2] memory _beneficiaries,     uint256[2] memory _shares ) external override onlyMarket returns (uint256[2] memory _allocations) {      require(_shares[0] + _shares[1] == 1000000, ""ERROR_INCORRECT_SHARE"");      uint256 _attributions;     if (totalAttributions == 0) {         _attributions = _amount;     } else {         uint256 _pool = valueAll();         _attributions = (_amount * totalAttributions) / _pool;     }     IERC20(token).safeTransferFrom(_from, address(this), _amount);      balance += _amount;     totalAttributions += _attributions;     for (uint128 i = 0; i &lt; 2; i++) {         uint256 _allocation = (_shares[i] * _attributions) / MAGIC_SCALE_1E6;         attributions[_beneficiaries[i]] += _allocation;         _allocations[i] = _allocation;     } }  /**  * @notice A market contract can deposit collateral and get attribution point in return  * @param  _amount amount of tokens to deposit  * @param _from sender's address  * @param _beneficiary beneficiary's address  * @return _attributions attribution amount generated from the transaction  */  function addValue(     uint256 _amount,     address _from,     address _beneficiary ) external override onlyMarket returns (uint256 _attributions) {      if (totalAttributions == 0) {         _attributions = _amount;     } else {         uint256 _pool = valueAll();         _attributions = (_amount * totalAttributions) / _pool;     }     IERC20(token).safeTransferFrom(_from, address(this), _amount);     balance += _amount;     totalAttributions += _attributions;     attributions[_beneficiary] += _attributions; }  /**  * @notice an address that has balance in the vault can withdraw underlying value  * @param _amount amount of tokens to withdraw  * @param _to address to get underlying tokens  * @return _attributions amount of attributions burnet  */ function withdrawValue(uint256 _amount, address _to)     external     override     returns (uint256 _attributions) {     require(         attributions[msg.sender] &gt; 0 &amp;&amp;             underlyingValue(msg.sender) &gt;= _amount,         ""ERROR_WITHDRAW-VALUE_BADCONDITOONS""     );     _attributions = (totalAttributions * _amount) / valueAll();      attributions[msg.sender] -= _attributions;     totalAttributions -= _attributions;      if (available() &lt; _amount) {         //when USDC in this contract isn't enough         uint256 _shortage = _amount - available();         _unutilize(_shortage);          assert(available() &gt;= _amount);     }      balance -= _amount;     IERC20(token).safeTransfer(_to, _amount); }  /**  * @notice an address that has balance in the vault can transfer underlying value  * @param _amount sender of value  * @param _destination reciepient of value  */  function transferValue(uint256 _amount, address _destination)     external     override     returns (uint256 _attributions) {     require(         attributions[msg.sender] &gt; 0 &amp;&amp;             underlyingValue(msg.sender) &gt;= _amount,         ""ERROR_TRANSFER-VALUE_BADCONDITOONS""     );     _attributions = (_amount * totalAttributions) / valueAll();     attributions[msg.sender] -= _attributions;     attributions[_destination] += _attributions; }  /**  * @notice a registered contract can borrow balance from the vault  * @param _amount borrow amount  * @param _to borrower's address  */ function borrowValue(uint256 _amount, address _to) external onlyMarket override {     debts[msg.sender] += _amount;     totalDebt += _amount;      IERC20(token).safeTransfer(_to, _amount); }  /**  * @notice an address that has balance in the vault can offset an address's debt  * @param _amount debt amount to offset  * @param _target borrower's address  */  function offsetDebt(uint256 _amount, address _target)     external     override     returns (uint256 _attributions) {     require(         attributions[msg.sender] &gt; 0 &amp;&amp;             underlyingValue(msg.sender) &gt;= _amount,         ""ERROR_REPAY_DEBT_BADCONDITOONS""     );     _attributions = (_amount * totalAttributions) / valueAll();     attributions[msg.sender] -= _attributions;     totalAttributions -= _attributions;     balance -= _amount;     debts[_target] -= _amount;     totalDebt -= _amount; }  /**  * @notice a registerd market can transfer their debt to system debt  * @param _amount debt amount to transfer  * @dev will be called when CDS could not afford when resume the market.  */ function transferDebt(uint256 _amount) external onlyMarket override {      if(_amount != 0){         debts[msg.sender] -= _amount;         debts[address(0)] += _amount;     } }  /**  * @notice anyone can repay the system debt by sending tokens to this contract  * @param _amount debt amount to repay  * @param _target borrower's address  */ function repayDebt(uint256 _amount, address _target) external override {     uint256 _debt = debts[_target];     if (_debt &gt;= _amount) {         debts[_target] -= _amount;         totalDebt -= _amount;         IERC20(token).safeTransferFrom(msg.sender, address(this), _amount);     } else {         debts[_target] = 0;         totalDebt -= _debt;         IERC20(token).safeTransferFrom(msg.sender, address(this), _debt);     } }  /**  * @notice an address that has balance in the vault can withdraw value denominated in attribution  * @param _attribution amount of attribution to burn  * @param _to beneficiary's address  * @return _retVal number of tokens withdrawn from the transaction  */ function withdrawAttribution(uint256 _attribution, address _to)     external     override     returns (uint256 _retVal) {     _retVal = _withdrawAttribution(_attribution, _to); }  /**  * @notice an address that has balance in the vault can withdraw all value  * @param _to beneficiary's address  * @return _retVal number of tokens withdrawn from the transaction  */ function withdrawAllAttribution(address _to)     external     override     returns (uint256 _retVal) {     _retVal = _withdrawAttribution(attributions[msg.sender], _to); }  /**  * @notice an address that has balance in the vault can withdraw all value  * @param _attribution amount of attribution to burn  * @param _to beneficiary's address  * @return _retVal number of tokens withdrawn from the transaction  */ function _withdrawAttribution(uint256 _attribution, address _to)     internal     returns (uint256 _retVal) {     require(         attributions[msg.sender] &gt;= _attribution,         ""ERROR_WITHDRAW-ATTRIBUTION_BADCONDITOONS""     );     _retVal = (_attribution * valueAll()) / totalAttributions;      attributions[msg.sender] -= _attribution;     totalAttributions -= _attribution;      if (available() &lt; _retVal) {         uint256 _shortage = _retVal - available();         _unutilize(_shortage);     }      balance -= _retVal;     IERC20(token).safeTransfer(_to, _retVal); }  /**  * @notice an address that has balance in the vault can transfer value denominated in attribution  * @param _amount amount of attribution to transfer  * @param _destination reciepient of attribution  */ function transferAttribution(uint256 _amount, address _destination)     external     override {     require(_destination != address(0), ""ERROR_ZERO_ADDRESS"");      require(         _amount != 0 &amp;&amp; attributions[msg.sender] &gt;= _amount,         ""ERROR_TRANSFER-ATTRIBUTION_BADCONDITOONS""     );      attributions[msg.sender] -= _amount;     attributions[_destination] += _amount; }  /**  * @notice the controller can utilize all available stored funds  * @return _amount amount of tokens utilized  */ function utilize() external override returns (uint256 _amount) {     if (keeper != address(0)) {         require(msg.sender == keeper, ""ERROR_NOT_KEEPER"");     }     _amount = available(); //balance     if (_amount &gt; 0) {         IERC20(token).safeTransfer(address(controller), _amount);         balance -= _amount;         controller.earn(address(token), _amount);     } }  /**  * @notice get attribution number for the specified address  * @param _target target address  * @return amount of attritbution  */  function attributionOf(address _target)     external     view     override     returns (uint256) {     return attributions[_target]; }  /**  * @notice get all attribution number for this contract  * @return amount of all attribution  */ function attributionAll() external view returns (uint256) {     return totalAttributions; }  /**  * @notice Convert attribution number into underlying assset value  * @param _attribution amount of attribution  * @return token value of input attribution  */ function attributionValue(uint256 _attribution)     external     view     override     returns (uint256) {     if (totalAttributions &gt; 0 &amp;&amp; _attribution &gt; 0) {         return (_attribution * valueAll()) / totalAttributions;     } else {         return 0;     } }  /**  * @notice return underlying value of the specified address  * @param _target target address  * @return token value of target address  */ function underlyingValue(address _target)     public     view     override     returns (uint256) {     if (attributions[_target] &gt; 0) {         return (valueAll() * attributions[_target]) / totalAttributions;     } else {         return 0;     } }  /**  * @notice return underlying value of this contract  * @return all token value of the vault  */ function valueAll() public view returns (uint256) {     if (address(controller) != address(0)) {         return balance + controller.valueAll();     } else {         return balance;     } }  /**  * @notice internal function to unutilize the funds and keep utilization rate  * @param _amount amount to withdraw from controller  */ function _unutilize(uint256 _amount) internal {     require(address(controller) != address(0), ""ERROR_CONTROLLER_NOT_SET"");      controller.withdraw(address(this), _amount);     balance += _amount; }  /**  * @notice return how much funds in this contract is available to be utilized  * @return available balance to utilize  */ function available() public view returns (uint256) {     return balance - totalDebt; }  /**  * @notice return how much price for each attribution  * @return value of one share of attribution  */ function getPricePerFullShare() public view returns (uint256) {     return (valueAll() * MAGIC_SCALE_1E6) / totalAttributions; }  /**  * onlyOwner  */  /**  * @notice withdraw redundant token stored in this contract  * @param _token token address  * @param _to beneficiary's address  */ function withdrawRedundant(address _token, address _to)     external     override     onlyOwner {     if (         _token == address(token) &amp;&amp;         balance &lt; IERC20(token).balanceOf(address(this))     ) {         uint256 _redundant = IERC20(token).balanceOf(address(this)) -             balance;         IERC20(token).safeTransfer(_to, _redundant);     } else if (IERC20(_token).balanceOf(address(this)) &gt; 0) {         IERC20(_token).safeTransfer(             _to,             IERC20(_token).balanceOf(address(this))         );     } }  /**  * @notice admin function to set controller address  * @param _controller address of the controller  */ function setController(address _controller) public override onlyOwner {     require(_controller != address(0), ""ERROR_ZERO_ADDRESS"");      if (address(controller) != address(0)) {         controller.migrate(address(_controller));         controller = IController(_controller);     } else {         controller = IController(_controller);     }      emit ControllerSet(_controller); }  /**  * @notice the controller can utilize all available stored funds  * @param _keeper keeper address  */ function setKeeper(address _keeper) external override onlyOwner {     if (keeper != _keeper) {         keeper = _keeper;     } }  } |
| **with_task_specify** | False |
| **memory** | No existed memory |
| **model_type** | ModelType.GPT_4_O_MINI |
| **background_prompt** | We are a specialized team that audits Solidity smart contracts using an advanced multi-agent system. Our approach combines the expertise of project management, smart contract counseling, auditing, and Solidity programming to deliver comprehensive and reliable contract assessments. |

[2024-10-08 11:56:22 INFO] Solidity Programming Expert: **[Start Chat]**

[We are a specialized team that audits Solidity smart contracts using an advanced multi-agent system. Our approach combines the expertise of project management, smart contract counseling, auditing, and Solidity programming to deliver comprehensive and reliable contract assessments.
You are Security Analyst. Now, we are both working at ChatDev and share a common interest in collaborating to successfully execute a marketing strategy for a new customer.
You can leverage your knowledge of Ethereum smart contracts and security best practices to throughly review the privded vulnerable smart contracts and identify potential bugs and security vulnerablites
Here is a new customer's task: pragma solidity 0.8.7;

/**
 * @author InsureDAO
 * @title InsureDAO vault contract
 * @notice
 * SPDX-License-Identifier: GPL-3.0
 */
import ""@openzeppelin/contracts/token/ERC20/IERC20.sol"";
import ""@openzeppelin/contracts/token/ERC20/utils/SafeERC20.sol"";

import ""./interfaces/IOwnership.sol"";
import ""./interfaces/IVault.sol"";

import ""./interfaces/IController.sol"";
import ""./interfaces/IRegistry.sol"";

contract Vault is IVault {
    using SafeERC20 for IERC20;

    /**
     * Storage
     */

    address public override token;
    IController public controller;
    IRegistry public registry;
    IOwnership public ownership;

    mapping(address => uint256) public override debts;
    mapping(address => uint256) public attributions;
    uint256 public totalAttributions;

    address public keeper; //keeper can operate utilize(), if address zero, anyone can operate.
    uint256 public balance; //balance of underlying token
    uint256 public totalDebt; //total debt balance. 1debt:1token

    uint256 public constant MAGIC_SCALE_1E6 = 1e6; //internal multiplication scale 1e6 to reduce decimal truncation



    event ControllerSet(address controller);

    modifier onlyOwner() {
        require(
            ownership.owner() == msg.sender,
            ""Restricted: caller is not allowed to operate""
        );
        _;
    }

    modifier onlyMarket() {
        require(
            IRegistry(registry).isListed(msg.sender),
            ""ERROR_ONLY_MARKET""
        );
        _;
    }

    constructor(
        address _token,
        address _registry,
        address _controller,
        address _ownership
    ) {
        require(_token != address(0));
        require(_registry != address(0));
        require(_ownership != address(0));
        //controller can be zero

        token = _token;
        registry = IRegistry(_registry);
        controller = IController(_controller);
        ownership = IOwnership(_ownership);
    }

    /**
     * Vault Functions
     */

    /**
     * @notice A market contract can deposit collateral and get attribution point in return
     * @param  _amount amount of tokens to deposit
     * @param _from sender's address
     * @param _beneficiaries beneficiary's address array
     * @param _shares funds share within beneficiaries (100% = 1e6)
     * @return _allocations attribution amount generated from the transaction
     */
    function addValueBatch(
        uint256 _amount,
        address _from,
        address[2] memory _beneficiaries,
        uint256[2] memory _shares
    ) external override onlyMarket returns (uint256[2] memory _allocations) {
        
        require(_shares[0] + _shares[1] == 1000000, ""ERROR_INCORRECT_SHARE"");

        uint256 _attributions;
        if (totalAttributions == 0) {
            _attributions = _amount;
        } else {
            uint256 _pool = valueAll();
            _attributions = (_amount * totalAttributions) / _pool;
        }
        IERC20(token).safeTransferFrom(_from, address(this), _amount);

        balance += _amount;
        totalAttributions += _attributions;
        for (uint128 i = 0; i < 2; i++) {
            uint256 _allocation = (_shares[i] * _attributions) / MAGIC_SCALE_1E6;
            attributions[_beneficiaries[i]] += _allocation;
            _allocations[i] = _allocation;
        }
    }

    /**
     * @notice A market contract can deposit collateral and get attribution point in return
     * @param  _amount amount of tokens to deposit
     * @param _from sender's address
     * @param _beneficiary beneficiary's address
     * @return _attributions attribution amount generated from the transaction
     */

    function addValue(
        uint256 _amount,
        address _from,
        address _beneficiary
    ) external override onlyMarket returns (uint256 _attributions) {

        if (totalAttributions == 0) {
            _attributions = _amount;
        } else {
            uint256 _pool = valueAll();
            _attributions = (_amount * totalAttributions) / _pool;
        }
        IERC20(token).safeTransferFrom(_from, address(this), _amount);
        balance += _amount;
        totalAttributions += _attributions;
        attributions[_beneficiary] += _attributions;
    }

    /**
     * @notice an address that has balance in the vault can withdraw underlying value
     * @param _amount amount of tokens to withdraw
     * @param _to address to get underlying tokens
     * @return _attributions amount of attributions burnet
     */
    function withdrawValue(uint256 _amount, address _to)
        external
        override
        returns (uint256 _attributions)
    {
        require(
            attributions[msg.sender] > 0 &&
                underlyingValue(msg.sender) >= _amount,
            ""ERROR_WITHDRAW-VALUE_BADCONDITOONS""
        );
        _attributions = (totalAttributions * _amount) / valueAll();

        attributions[msg.sender] -= _attributions;
        totalAttributions -= _attributions;

        if (available() < _amount) {
            //when USDC in this contract isn't enough
            uint256 _shortage = _amount - available();
            _unutilize(_shortage);

            assert(available() >= _amount);
        }

        balance -= _amount;
        IERC20(token).safeTransfer(_to, _amount);
    }

    /**
     * @notice an address that has balance in the vault can transfer underlying value
     * @param _amount sender of value
     * @param _destination reciepient of value
     */

    function transferValue(uint256 _amount, address _destination)
        external
        override
        returns (uint256 _attributions)
    {
        require(
            attributions[msg.sender] > 0 &&
                underlyingValue(msg.sender) >= _amount,
            ""ERROR_TRANSFER-VALUE_BADCONDITOONS""
        );
        _attributions = (_amount * totalAttributions) / valueAll();
        attributions[msg.sender] -= _attributions;
        attributions[_destination] += _attributions;
    }

    /**
     * @notice a registered contract can borrow balance from the vault
     * @param _amount borrow amount
     * @param _to borrower's address
     */
    function borrowValue(uint256 _amount, address _to) external onlyMarket override {
        debts[msg.sender] += _amount;
        totalDebt += _amount;

        IERC20(token).safeTransfer(_to, _amount);
    }

    /**
     * @notice an address that has balance in the vault can offset an address's debt
     * @param _amount debt amount to offset
     * @param _target borrower's address
     */

    function offsetDebt(uint256 _amount, address _target)
        external
        override
        returns (uint256 _attributions)
    {
        require(
            attributions[msg.sender] > 0 &&
                underlyingValue(msg.sender) >= _amount,
            ""ERROR_REPAY_DEBT_BADCONDITOONS""
        );
        _attributions = (_amount * totalAttributions) / valueAll();
        attributions[msg.sender] -= _attributions;
        totalAttributions -= _attributions;
        balance -= _amount;
        debts[_target] -= _amount;
        totalDebt -= _amount;
    }

    /**
     * @notice a registerd market can transfer their debt to system debt
     * @param _amount debt amount to transfer
     * @dev will be called when CDS could not afford when resume the market.
     */
    function transferDebt(uint256 _amount) external onlyMarket override {

        if(_amount != 0){
            debts[msg.sender] -= _amount;
            debts[address(0)] += _amount;
        }
    }

    /**
     * @notice anyone can repay the system debt by sending tokens to this contract
     * @param _amount debt amount to repay
     * @param _target borrower's address
     */
    function repayDebt(uint256 _amount, address _target) external override {
        uint256 _debt = debts[_target];
        if (_debt >= _amount) {
            debts[_target] -= _amount;
            totalDebt -= _amount;
            IERC20(token).safeTransferFrom(msg.sender, address(this), _amount);
        } else {
            debts[_target] = 0;
            totalDebt -= _debt;
            IERC20(token).safeTransferFrom(msg.sender, address(this), _debt);
        }
    }

    /**
     * @notice an address that has balance in the vault can withdraw value denominated in attribution
     * @param _attribution amount of attribution to burn
     * @param _to beneficiary's address
     * @return _retVal number of tokens withdrawn from the transaction
     */
    function withdrawAttribution(uint256 _attribution, address _to)
        external
        override
        returns (uint256 _retVal)
    {
        _retVal = _withdrawAttribution(_attribution, _to);
    }

    /**
     * @notice an address that has balance in the vault can withdraw all value
     * @param _to beneficiary's address
     * @return _retVal number of tokens withdrawn from the transaction
     */
    function withdrawAllAttribution(address _to)
        external
        override
        returns (uint256 _retVal)
    {
        _retVal = _withdrawAttribution(attributions[msg.sender], _to);
    }

    /**
     * @notice an address that has balance in the vault can withdraw all value
     * @param _attribution amount of attribution to burn
     * @param _to beneficiary's address
     * @return _retVal number of tokens withdrawn from the transaction
     */
    function _withdrawAttribution(uint256 _attribution, address _to)
        internal
        returns (uint256 _retVal)
    {
        require(
            attributions[msg.sender] >= _attribution,
            ""ERROR_WITHDRAW-ATTRIBUTION_BADCONDITOONS""
        );
        _retVal = (_attribution * valueAll()) / totalAttributions;

        attributions[msg.sender] -= _attribution;
        totalAttributions -= _attribution;

        if (available() < _retVal) {
            uint256 _shortage = _retVal - available();
            _unutilize(_shortage);
        }

        balance -= _retVal;
        IERC20(token).safeTransfer(_to, _retVal);
    }

    /**
     * @notice an address that has balance in the vault can transfer value denominated in attribution
     * @param _amount amount of attribution to transfer
     * @param _destination reciepient of attribution
     */
    function transferAttribution(uint256 _amount, address _destination)
        external
        override
    {
        require(_destination != address(0), ""ERROR_ZERO_ADDRESS"");

        require(
            _amount != 0 && attributions[msg.sender] >= _amount,
            ""ERROR_TRANSFER-ATTRIBUTION_BADCONDITOONS""
        );

        attributions[msg.sender] -= _amount;
        attributions[_destination] += _amount;
    }

    /**
     * @notice the controller can utilize all available stored funds
     * @return _amount amount of tokens utilized
     */
    function utilize() external override returns (uint256 _amount) {
        if (keeper != address(0)) {
            require(msg.sender == keeper, ""ERROR_NOT_KEEPER"");
        }
        _amount = available(); //balance
        if (_amount > 0) {
            IERC20(token).safeTransfer(address(controller), _amount);
            balance -= _amount;
            controller.earn(address(token), _amount);
        }
    }

    /**
     * @notice get attribution number for the specified address
     * @param _target target address
     * @return amount of attritbution
     */

    function attributionOf(address _target)
        external
        view
        override
        returns (uint256)
    {
        return attributions[_target];
    }

    /**
     * @notice get all attribution number for this contract
     * @return amount of all attribution
     */
    function attributionAll() external view returns (uint256) {
        return totalAttributions;
    }

    /**
     * @notice Convert attribution number into underlying assset value
     * @param _attribution amount of attribution
     * @return token value of input attribution
     */
    function attributionValue(uint256 _attribution)
        external
        view
        override
        returns (uint256)
    {
        if (totalAttributions > 0 && _attribution > 0) {
            return (_attribution * valueAll()) / totalAttributions;
        } else {
            return 0;
        }
    }

    /**
     * @notice return underlying value of the specified address
     * @param _target target address
     * @return token value of target address
     */
    function underlyingValue(address _target)
        public
        view
        override
        returns (uint256)
    {
        if (attributions[_target] > 0) {
            return (valueAll() * attributions[_target]) / totalAttributions;
        } else {
            return 0;
        }
    }

    /**
     * @notice return underlying value of this contract
     * @return all token value of the vault
     */
    function valueAll() public view returns (uint256) {
        if (address(controller) != address(0)) {
            return balance + controller.valueAll();
        } else {
            return balance;
        }
    }

    /**
     * @notice internal function to unutilize the funds and keep utilization rate
     * @param _amount amount to withdraw from controller
     */
    function _unutilize(uint256 _amount) internal {
        require(address(controller) != address(0), ""ERROR_CONTROLLER_NOT_SET"");

        controller.withdraw(address(this), _amount);
        balance += _amount;
    }

    /**
     * @notice return how much funds in this contract is available to be utilized
     * @return available balance to utilize
     */
    function available() public view returns (uint256) {
        return balance - totalDebt;
    }

    /**
     * @notice return how much price for each attribution
     * @return value of one share of attribution
     */
    function getPricePerFullShare() public view returns (uint256) {
        return (valueAll() * MAGIC_SCALE_1E6) / totalAttributions;
    }

    /**
     * onlyOwner
     */

    /**
     * @notice withdraw redundant token stored in this contract
     * @param _token token address
     * @param _to beneficiary's address
     */
    function withdrawRedundant(address _token, address _to)
        external
        override
        onlyOwner
    {
        if (
            _token == address(token) &&
            balance < IERC20(token).balanceOf(address(this))
        ) {
            uint256 _redundant = IERC20(token).balanceOf(address(this)) -
                balance;
            IERC20(token).safeTransfer(_to, _redundant);
        } else if (IERC20(_token).balanceOf(address(this)) > 0) {
            IERC20(_token).safeTransfer(
                _to,
                IERC20(_token).balanceOf(address(this))
            );
        }
    }

    /**
     * @notice admin function to set controller address
     * @param _controller address of the controller
     */
    function setController(address _controller) public override onlyOwner {
        require(_controller != address(0), ""ERROR_ZERO_ADDRESS"");

        if (address(controller) != address(0)) {
            controller.migrate(address(_controller));
            controller = IController(_controller);
        } else {
            controller = IController(_controller);
        }

        emit ControllerSet(_controller);
    }

    /**
     * @notice the controller can utilize all available stored funds
     * @param _keeper keeper address
     */
    function setKeeper(address _keeper) external override onlyOwner {
        if (keeper != _keeper) {
            keeper = _keeper;
        }
    }
}
.
To complete the task,  you must write a response that appropriately solves the requested instruction based on your expertise and customer's needs.]

Given the user's task and the brainstorming ideas provided:
Task: ""pragma solidity 0.8.7;

/**
 * @author InsureDAO
 * @title InsureDAO vault contract
 * @notice
 * SPDX-License-Identifier: GPL-3.0
 */
import ""@openzeppelin/contracts/token/ERC20/IERC20.sol"";
import ""@openzeppelin/contracts/token/ERC20/utils/SafeERC20.sol"";

import ""./interfaces/IOwnership.sol"";
import ""./interfaces/IVault.sol"";

import ""./interfaces/IController.sol"";
import ""./interfaces/IRegistry.sol"";

contract Vault is IVault {
    using SafeERC20 for IERC20;

    /**
     * Storage
     */

    address public override token;
    IController public controller;
    IRegistry public registry;
    IOwnership public ownership;

    mapping(address => uint256) public override debts;
    mapping(address => uint256) public attributions;
    uint256 public totalAttributions;

    address public keeper; //keeper can operate utilize(), if address zero, anyone can operate.
    uint256 public balance; //balance of underlying token
    uint256 public totalDebt; //total debt balance. 1debt:1token

    uint256 public constant MAGIC_SCALE_1E6 = 1e6; //internal multiplication scale 1e6 to reduce decimal truncation



    event ControllerSet(address controller);

    modifier onlyOwner() {
        require(
            ownership.owner() == msg.sender,
            ""Restricted: caller is not allowed to operate""
        );
        _;
    }

    modifier onlyMarket() {
        require(
            IRegistry(registry).isListed(msg.sender),
            ""ERROR_ONLY_MARKET""
        );
        _;
    }

    constructor(
        address _token,
        address _registry,
        address _controller,
        address _ownership
    ) {
        require(_token != address(0));
        require(_registry != address(0));
        require(_ownership != address(0));
        //controller can be zero

        token = _token;
        registry = IRegistry(_registry);
        controller = IController(_controller);
        ownership = IOwnership(_ownership);
    }

    /**
     * Vault Functions
     */

    /**
     * @notice A market contract can deposit collateral and get attribution point in return
     * @param  _amount amount of tokens to deposit
     * @param _from sender's address
     * @param _beneficiaries beneficiary's address array
     * @param _shares funds share within beneficiaries (100% = 1e6)
     * @return _allocations attribution amount generated from the transaction
     */
    function addValueBatch(
        uint256 _amount,
        address _from,
        address[2] memory _beneficiaries,
        uint256[2] memory _shares
    ) external override onlyMarket returns (uint256[2] memory _allocations) {
        
        require(_shares[0] + _shares[1] == 1000000, ""ERROR_INCORRECT_SHARE"");

        uint256 _attributions;
        if (totalAttributions == 0) {
            _attributions = _amount;
        } else {
            uint256 _pool = valueAll();
            _attributions = (_amount * totalAttributions) / _pool;
        }
        IERC20(token).safeTransferFrom(_from, address(this), _amount);

        balance += _amount;
        totalAttributions += _attributions;
        for (uint128 i = 0; i < 2; i++) {
            uint256 _allocation = (_shares[i] * _attributions) / MAGIC_SCALE_1E6;
            attributions[_beneficiaries[i]] += _allocation;
            _allocations[i] = _allocation;
        }
    }

    /**
     * @notice A market contract can deposit collateral and get attribution point in return
     * @param  _amount amount of tokens to deposit
     * @param _from sender's address
     * @param _beneficiary beneficiary's address
     * @return _attributions attribution amount generated from the transaction
     */

    function addValue(
        uint256 _amount,
        address _from,
        address _beneficiary
    ) external override onlyMarket returns (uint256 _attributions) {

        if (totalAttributions == 0) {
            _attributions = _amount;
        } else {
            uint256 _pool = valueAll();
            _attributions = (_amount * totalAttributions) / _pool;
        }
        IERC20(token).safeTransferFrom(_from, address(this), _amount);
        balance += _amount;
        totalAttributions += _attributions;
        attributions[_beneficiary] += _attributions;
    }

    /**
     * @notice an address that has balance in the vault can withdraw underlying value
     * @param _amount amount of tokens to withdraw
     * @param _to address to get underlying tokens
     * @return _attributions amount of attributions burnet
     */
    function withdrawValue(uint256 _amount, address _to)
        external
        override
        returns (uint256 _attributions)
    {
        require(
            attributions[msg.sender] > 0 &&
                underlyingValue(msg.sender) >= _amount,
            ""ERROR_WITHDRAW-VALUE_BADCONDITOONS""
        );
        _attributions = (totalAttributions * _amount) / valueAll();

        attributions[msg.sender] -= _attributions;
        totalAttributions -= _attributions;

        if (available() < _amount) {
            //when USDC in this contract isn't enough
            uint256 _shortage = _amount - available();
            _unutilize(_shortage);

            assert(available() >= _amount);
        }

        balance -= _amount;
        IERC20(token).safeTransfer(_to, _amount);
    }

    /**
     * @notice an address that has balance in the vault can transfer underlying value
     * @param _amount sender of value
     * @param _destination reciepient of value
     */

    function transferValue(uint256 _amount, address _destination)
        external
        override
        returns (uint256 _attributions)
    {
        require(
            attributions[msg.sender] > 0 &&
                underlyingValue(msg.sender) >= _amount,
            ""ERROR_TRANSFER-VALUE_BADCONDITOONS""
        );
        _attributions = (_amount * totalAttributions) / valueAll();
        attributions[msg.sender] -= _attributions;
        attributions[_destination] += _attributions;
    }

    /**
     * @notice a registered contract can borrow balance from the vault
     * @param _amount borrow amount
     * @param _to borrower's address
     */
    function borrowValue(uint256 _amount, address _to) external onlyMarket override {
        debts[msg.sender] += _amount;
        totalDebt += _amount;

        IERC20(token).safeTransfer(_to, _amount);
    }

    /**
     * @notice an address that has balance in the vault can offset an address's debt
     * @param _amount debt amount to offset
     * @param _target borrower's address
     */

    function offsetDebt(uint256 _amount, address _target)
        external
        override
        returns (uint256 _attributions)
    {
        require(
            attributions[msg.sender] > 0 &&
                underlyingValue(msg.sender) >= _amount,
            ""ERROR_REPAY_DEBT_BADCONDITOONS""
        );
        _attributions = (_amount * totalAttributions) / valueAll();
        attributions[msg.sender] -= _attributions;
        totalAttributions -= _attributions;
        balance -= _amount;
        debts[_target] -= _amount;
        totalDebt -= _amount;
    }

    /**
     * @notice a registerd market can transfer their debt to system debt
     * @param _amount debt amount to transfer
     * @dev will be called when CDS could not afford when resume the market.
     */
    function transferDebt(uint256 _amount) external onlyMarket override {

        if(_amount != 0){
            debts[msg.sender] -= _amount;
            debts[address(0)] += _amount;
        }
    }

    /**
     * @notice anyone can repay the system debt by sending tokens to this contract
     * @param _amount debt amount to repay
     * @param _target borrower's address
     */
    function repayDebt(uint256 _amount, address _target) external override {
        uint256 _debt = debts[_target];
        if (_debt >= _amount) {
            debts[_target] -= _amount;
            totalDebt -= _amount;
            IERC20(token).safeTransferFrom(msg.sender, address(this), _amount);
        } else {
            debts[_target] = 0;
            totalDebt -= _debt;
            IERC20(token).safeTransferFrom(msg.sender, address(this), _debt);
        }
    }

    /**
     * @notice an address that has balance in the vault can withdraw value denominated in attribution
     * @param _attribution amount of attribution to burn
     * @param _to beneficiary's address
     * @return _retVal number of tokens withdrawn from the transaction
     */
    function withdrawAttribution(uint256 _attribution, address _to)
        external
        override
        returns (uint256 _retVal)
    {
        _retVal = _withdrawAttribution(_attribution, _to);
    }

    /**
     * @notice an address that has balance in the vault can withdraw all value
     * @param _to beneficiary's address
     * @return _retVal number of tokens withdrawn from the transaction
     */
    function withdrawAllAttribution(address _to)
        external
        override
        returns (uint256 _retVal)
    {
        _retVal = _withdrawAttribution(attributions[msg.sender], _to);
    }

    /**
     * @notice an address that has balance in the vault can withdraw all value
     * @param _attribution amount of attribution to burn
     * @param _to beneficiary's address
     * @return _retVal number of tokens withdrawn from the transaction
     */
    function _withdrawAttribution(uint256 _attribution, address _to)
        internal
        returns (uint256 _retVal)
    {
        require(
            attributions[msg.sender] >= _attribution,
            ""ERROR_WITHDRAW-ATTRIBUTION_BADCONDITOONS""
        );
        _retVal = (_attribution * valueAll()) / totalAttributions;

        attributions[msg.sender] -= _attribution;
        totalAttributions -= _attribution;

        if (available() < _retVal) {
            uint256 _shortage = _retVal - available();
            _unutilize(_shortage);
        }

        balance -= _retVal;
        IERC20(token).safeTransfer(_to, _retVal);
    }

    /**
     * @notice an address that has balance in the vault can transfer value denominated in attribution
     * @param _amount amount of attribution to transfer
     * @param _destination reciepient of attribution
     */
    function transferAttribution(uint256 _amount, address _destination)
        external
        override
    {
        require(_destination != address(0), ""ERROR_ZERO_ADDRESS"");

        require(
            _amount != 0 && attributions[msg.sender] >= _amount,
            ""ERROR_TRANSFER-ATTRIBUTION_BADCONDITOONS""
        );

        attributions[msg.sender] -= _amount;
        attributions[_destination] += _amount;
    }

    /**
     * @notice the controller can utilize all available stored funds
     * @return _amount amount of tokens utilized
     */
    function utilize() external override returns (uint256 _amount) {
        if (keeper != address(0)) {
            require(msg.sender == keeper, ""ERROR_NOT_KEEPER"");
        }
        _amount = available(); //balance
        if (_amount > 0) {
            IERC20(token).safeTransfer(address(controller), _amount);
            balance -= _amount;
            controller.earn(address(token), _amount);
        }
    }

    /**
     * @notice get attribution number for the specified address
     * @param _target target address
     * @return amount of attritbution
     */

    function attributionOf(address _target)
        external
        view
        override
        returns (uint256)
    {
        return attributions[_target];
    }

    /**
     * @notice get all attribution number for this contract
     * @return amount of all attribution
     */
    function attributionAll() external view returns (uint256) {
        return totalAttributions;
    }

    /**
     * @notice Convert attribution number into underlying assset value
     * @param _attribution amount of attribution
     * @return token value of input attribution
     */
    function attributionValue(uint256 _attribution)
        external
        view
        override
        returns (uint256)
    {
        if (totalAttributions > 0 && _attribution > 0) {
            return (_attribution * valueAll()) / totalAttributions;
        } else {
            return 0;
        }
    }

    /**
     * @notice return underlying value of the specified address
     * @param _target target address
     * @return token value of target address
     */
    function underlyingValue(address _target)
        public
        view
        override
        returns (uint256)
    {
        if (attributions[_target] > 0) {
            return (valueAll() * attributions[_target]) / totalAttributions;
        } else {
            return 0;
        }
    }

    /**
     * @notice return underlying value of this contract
     * @return all token value of the vault
     */
    function valueAll() public view returns (uint256) {
        if (address(controller) != address(0)) {
            return balance + controller.valueAll();
        } else {
            return balance;
        }
    }

    /**
     * @notice internal function to unutilize the funds and keep utilization rate
     * @param _amount amount to withdraw from controller
     */
    function _unutilize(uint256 _amount) internal {
        require(address(controller) != address(0), ""ERROR_CONTROLLER_NOT_SET"");

        controller.withdraw(address(this), _amount);
        balance += _amount;
    }

    /**
     * @notice return how much funds in this contract is available to be utilized
     * @return available balance to utilize
     */
    function available() public view returns (uint256) {
        return balance - totalDebt;
    }

    /**
     * @notice return how much price for each attribution
     * @return value of one share of attribution
     */
    function getPricePerFullShare() public view returns (uint256) {
        return (valueAll() * MAGIC_SCALE_1E6) / totalAttributions;
    }

    /**
     * onlyOwner
     */

    /**
     * @notice withdraw redundant token stored in this contract
     * @param _token token address
     * @param _to beneficiary's address
     */
    function withdrawRedundant(address _token, address _to)
        external
        override
        onlyOwner
    {
        if (
            _token == address(token) &&
            balance < IERC20(token).balanceOf(address(this))
        ) {
            uint256 _redundant = IERC20(token).balanceOf(address(this)) -
                balance;
            IERC20(token).safeTransfer(_to, _redundant);
        } else if (IERC20(_token).balanceOf(address(this)) > 0) {
            IERC20(_token).safeTransfer(
                _to,
                IERC20(_token).balanceOf(address(this))
            );
        }
    }

    /**
     * @notice admin function to set controller address
     * @param _controller address of the controller
     */
    function setController(address _controller) public override onlyOwner {
        require(_controller != address(0), ""ERROR_ZERO_ADDRESS"");

        if (address(controller) != address(0)) {
            controller.migrate(address(_controller));
            controller = IController(_controller);
        } else {
            controller = IController(_controller);
        }

        emit ControllerSet(_controller);
    }

    /**
     * @notice the controller can utilize all available stored funds
     * @param _keeper keeper address
     */
    function setKeeper(address _keeper) external override onlyOwner {
        if (keeper != _keeper) {
            keeper = _keeper;
        }
    }
}
"".
Ideas: "" Assumption of Fixed-Length Array Identified.

VULNERABILITY NAME: Assumption of Fixed-Length Array in `addValueBatch`
'''
The function `addValueBatch` assumes that the `_beneficiaries` and `_shares` arrays will always have a fixed length of 2. If the caller provides arrays of a different length, it could lead to out-of-bounds errors when accessing the arrays. This can cause unexpected behavior or even allow an attacker to manipulate the contract's state.

**Recommended Mitigation/Fix:**
Implement a check to ensure that the length of the `_beneficiaries` and `_shares` arrays is exactly 2 before proceeding with the logic of the function. This can be done by adding a require statement at the beginning of the function:
```solidity
require(_beneficiaries.length == 2 && _shares.length == 2, ""ERROR_INVALID_ARRAY_LENGTH"");
```
'''

VULNERABILITY NAME: Assumption of Fixed-Length Array in `addValue`
'''
The function `addValue` also assumes that the `_beneficiary` parameter is a single address and does not account for potential changes in the expected input structure. While it does not directly use an array, if the function were to be modified in the future to accept multiple beneficiaries, it could lead to similar issues as seen in `addValueBatch`.

**Recommended Mitigation/Fix:**
To future-proof the function, consider implementing a similar check as in `addValueBatch` if the function is modified to accept an array of beneficiaries. For now, ensure that the function's documentation clearly states the expected input format.
'''

VULNERABILITY NAME: Assumption of Fixed-Length Array in `transferAttribution`
'''
The function `transferAttribution` assumes that the `_amount` parameter is valid and that the caller has sufficient attributions. If the function were to be modified to accept an array of amounts to transfer, it could lead to out-of-bounds errors similar to those identified in the previous functions.

**Recommended Mitigation/Fix:**
As with the previous functions, ensure that any future modifications to accept an array of amounts include checks for the array length and validity. For now, document the expected input clearly to prevent misuse.
'''"".
As the Security Analyst, your primary objective is to perform a thorough and detailed inspection of the provided contract code, with a particular focus on identifying vulnerabilities related to the Lack of Withdrawal Function. Your analysis should determine if the contract provides a secure method for users to withdraw their funds.
Proceed with the following steps in your analysis:
1. Scrutinize the contract's code to determine if there is a function that allows users to withdraw their deposited funds.
2. Scan the contract for any functions related to withdrawing Ether or other assets. Document each instance and investigate the logic to ensure it is implemented securely.
3. Evaluate whether the withdrawal function, if present, follows best practices to prevent common vulnerabilities such as reentrancy attacks. Ensure it uses the Checks-Effects-Interactions pattern.
4. If no withdrawal function is found, assess the impact on users who have deposited funds into the contract. Highlight the importance of having a secure withdrawal mechanism.
If you discover a lack of a withdrawal function, respond with: """,,"<INFO> Lack of Authorization Identified.

```
VULNERABILITY NAME: Lack of Access Control on Sensitive Functions
'''
The contract contains several functions that modify the state of the contract or perform sensitive operations without appropriate access control mechanisms. Specifically, the following functions are accessible to any user:
- `borrowValue(uint256 _amount, address _to)`: This function allows any market contract to borrow funds from the vault without any restrictions on the amount or the borrower.
- `repayDebt(uint256 _amount, address _target)`: This function allows anyone to repay the debt of any user by specifying the target address, which could lead to unauthorized debt repayments.
- `transferDebt(uint256 _amount)`: This function allows any registered market to transfer their debt to the system debt without any checks on the amount or the market's authorization.

Recommended Mitigation/Fix: Implement appropriate access control mechanisms for these functions. For example, restrict the `borrowValue` function to only allow the owner or a specific role to borrow funds. Similarly, ensure that the `repayDebt` function can only be called by the target user or an authorized entity. Consider using role-based access control (RBAC) or similar patterns to enforce these restrictions.
'''
```

[2024-10-08 11:56:34 INFO] **[Execute Detail]**

execute SimplePhase:[DataInconsistencyDetector] in ComposedPhase:[CodeReview], cycle 1

[2024-10-08 11:56:34 INFO] System: **[chatting]**

| Parameter | Value |
| --- | --- |
| **task_prompt** | pragma solidity 0.8.7; /*  * @author InsureDAO  * @title InsureDAO vault contract  * @notice  * SPDX-License-Identifier: GPL-3.0  / import ""@openzeppelin/contracts/token/ERC20/IERC20.sol""; import ""@openzeppelin/contracts/token/ERC20/utils/SafeERC20.sol""; import ""./interfaces/IOwnership.sol""; import ""./interfaces/IVault.sol""; import ""./interfaces/IController.sol""; import ""./interfaces/IRegistry.sol""; contract Vault is IVault {     using SafeERC20 for IERC20; /**  * Storage  */  address public override token; IController public controller; IRegistry public registry; IOwnership public ownership;  mapping(address =&gt; uint256) public override debts; mapping(address =&gt; uint256) public attributions; uint256 public totalAttributions;  address public keeper; //keeper can operate utilize(), if address zero, anyone can operate. uint256 public balance; //balance of underlying token uint256 public totalDebt; //total debt balance. 1debt:1token  uint256 public constant MAGIC_SCALE_1E6 = 1e6; //internal multiplication scale 1e6 to reduce decimal truncation    event ControllerSet(address controller);  modifier onlyOwner() {     require(         ownership.owner() == msg.sender,         ""Restricted: caller is not allowed to operate""     );     _; }  modifier onlyMarket() {     require(         IRegistry(registry).isListed(msg.sender),         ""ERROR_ONLY_MARKET""     );     _; }  constructor(     address _token,     address _registry,     address _controller,     address _ownership ) {     require(_token != address(0));     require(_registry != address(0));     require(_ownership != address(0));     //controller can be zero      token = _token;     registry = IRegistry(_registry);     controller = IController(_controller);     ownership = IOwnership(_ownership); }  /**  * Vault Functions  */  /**  * @notice A market contract can deposit collateral and get attribution point in return  * @param  _amount amount of tokens to deposit  * @param _from sender's address  * @param _beneficiaries beneficiary's address array  * @param _shares funds share within beneficiaries (100% = 1e6)  * @return _allocations attribution amount generated from the transaction  */ function addValueBatch(     uint256 _amount,     address _from,     address[2] memory _beneficiaries,     uint256[2] memory _shares ) external override onlyMarket returns (uint256[2] memory _allocations) {      require(_shares[0] + _shares[1] == 1000000, ""ERROR_INCORRECT_SHARE"");      uint256 _attributions;     if (totalAttributions == 0) {         _attributions = _amount;     } else {         uint256 _pool = valueAll();         _attributions = (_amount * totalAttributions) / _pool;     }     IERC20(token).safeTransferFrom(_from, address(this), _amount);      balance += _amount;     totalAttributions += _attributions;     for (uint128 i = 0; i &lt; 2; i++) {         uint256 _allocation = (_shares[i] * _attributions) / MAGIC_SCALE_1E6;         attributions[_beneficiaries[i]] += _allocation;         _allocations[i] = _allocation;     } }  /**  * @notice A market contract can deposit collateral and get attribution point in return  * @param  _amount amount of tokens to deposit  * @param _from sender's address  * @param _beneficiary beneficiary's address  * @return _attributions attribution amount generated from the transaction  */  function addValue(     uint256 _amount,     address _from,     address _beneficiary ) external override onlyMarket returns (uint256 _attributions) {      if (totalAttributions == 0) {         _attributions = _amount;     } else {         uint256 _pool = valueAll();         _attributions = (_amount * totalAttributions) / _pool;     }     IERC20(token).safeTransferFrom(_from, address(this), _amount);     balance += _amount;     totalAttributions += _attributions;     attributions[_beneficiary] += _attributions; }  /**  * @notice an address that has balance in the vault can withdraw underlying value  * @param _amount amount of tokens to withdraw  * @param _to address to get underlying tokens  * @return _attributions amount of attributions burnet  */ function withdrawValue(uint256 _amount, address _to)     external     override     returns (uint256 _attributions) {     require(         attributions[msg.sender] &gt; 0 &amp;&amp;             underlyingValue(msg.sender) &gt;= _amount,         ""ERROR_WITHDRAW-VALUE_BADCONDITOONS""     );     _attributions = (totalAttributions * _amount) / valueAll();      attributions[msg.sender] -= _attributions;     totalAttributions -= _attributions;      if (available() &lt; _amount) {         //when USDC in this contract isn't enough         uint256 _shortage = _amount - available();         _unutilize(_shortage);          assert(available() &gt;= _amount);     }      balance -= _amount;     IERC20(token).safeTransfer(_to, _amount); }  /**  * @notice an address that has balance in the vault can transfer underlying value  * @param _amount sender of value  * @param _destination reciepient of value  */  function transferValue(uint256 _amount, address _destination)     external     override     returns (uint256 _attributions) {     require(         attributions[msg.sender] &gt; 0 &amp;&amp;             underlyingValue(msg.sender) &gt;= _amount,         ""ERROR_TRANSFER-VALUE_BADCONDITOONS""     );     _attributions = (_amount * totalAttributions) / valueAll();     attributions[msg.sender] -= _attributions;     attributions[_destination] += _attributions; }  /**  * @notice a registered contract can borrow balance from the vault  * @param _amount borrow amount  * @param _to borrower's address  */ function borrowValue(uint256 _amount, address _to) external onlyMarket override {     debts[msg.sender] += _amount;     totalDebt += _amount;      IERC20(token).safeTransfer(_to, _amount); }  /**  * @notice an address that has balance in the vault can offset an address's debt  * @param _amount debt amount to offset  * @param _target borrower's address  */  function offsetDebt(uint256 _amount, address _target)     external     override     returns (uint256 _attributions) {     require(         attributions[msg.sender] &gt; 0 &amp;&amp;             underlyingValue(msg.sender) &gt;= _amount,         ""ERROR_REPAY_DEBT_BADCONDITOONS""     );     _attributions = (_amount * totalAttributions) / valueAll();     attributions[msg.sender] -= _attributions;     totalAttributions -= _attributions;     balance -= _amount;     debts[_target] -= _amount;     totalDebt -= _amount; }  /**  * @notice a registerd market can transfer their debt to system debt  * @param _amount debt amount to transfer  * @dev will be called when CDS could not afford when resume the market.  */ function transferDebt(uint256 _amount) external onlyMarket override {      if(_amount != 0){         debts[msg.sender] -= _amount;         debts[address(0)] += _amount;     } }  /**  * @notice anyone can repay the system debt by sending tokens to this contract  * @param _amount debt amount to repay  * @param _target borrower's address  */ function repayDebt(uint256 _amount, address _target) external override {     uint256 _debt = debts[_target];     if (_debt &gt;= _amount) {         debts[_target] -= _amount;         totalDebt -= _amount;         IERC20(token).safeTransferFrom(msg.sender, address(this), _amount);     } else {         debts[_target] = 0;         totalDebt -= _debt;         IERC20(token).safeTransferFrom(msg.sender, address(this), _debt);     } }  /**  * @notice an address that has balance in the vault can withdraw value denominated in attribution  * @param _attribution amount of attribution to burn  * @param _to beneficiary's address  * @return _retVal number of tokens withdrawn from the transaction  */ function withdrawAttribution(uint256 _attribution, address _to)     external     override     returns (uint256 _retVal) {     _retVal = _withdrawAttribution(_attribution, _to); }  /**  * @notice an address that has balance in the vault can withdraw all value  * @param _to beneficiary's address  * @return _retVal number of tokens withdrawn from the transaction  */ function withdrawAllAttribution(address _to)     external     override     returns (uint256 _retVal) {     _retVal = _withdrawAttribution(attributions[msg.sender], _to); }  /**  * @notice an address that has balance in the vault can withdraw all value  * @param _attribution amount of attribution to burn  * @param _to beneficiary's address  * @return _retVal number of tokens withdrawn from the transaction  */ function _withdrawAttribution(uint256 _attribution, address _to)     internal     returns (uint256 _retVal) {     require(         attributions[msg.sender] &gt;= _attribution,         ""ERROR_WITHDRAW-ATTRIBUTION_BADCONDITOONS""     );     _retVal = (_attribution * valueAll()) / totalAttributions;      attributions[msg.sender] -= _attribution;     totalAttributions -= _attribution;      if (available() &lt; _retVal) {         uint256 _shortage = _retVal - available();         _unutilize(_shortage);     }      balance -= _retVal;     IERC20(token).safeTransfer(_to, _retVal); }  /**  * @notice an address that has balance in the vault can transfer value denominated in attribution  * @param _amount amount of attribution to transfer  * @param _destination reciepient of attribution  */ function transferAttribution(uint256 _amount, address _destination)     external     override {     require(_destination != address(0), ""ERROR_ZERO_ADDRESS"");      require(         _amount != 0 &amp;&amp; attributions[msg.sender] &gt;= _amount,         ""ERROR_TRANSFER-ATTRIBUTION_BADCONDITOONS""     );      attributions[msg.sender] -= _amount;     attributions[_destination] += _amount; }  /**  * @notice the controller can utilize all available stored funds  * @return _amount amount of tokens utilized  */ function utilize() external override returns (uint256 _amount) {     if (keeper != address(0)) {         require(msg.sender == keeper, ""ERROR_NOT_KEEPER"");     }     _amount = available(); //balance     if (_amount &gt; 0) {         IERC20(token).safeTransfer(address(controller), _amount);         balance -= _amount;         controller.earn(address(token), _amount);     } }  /**  * @notice get attribution number for the specified address  * @param _target target address  * @return amount of attritbution  */  function attributionOf(address _target)     external     view     override     returns (uint256) {     return attributions[_target]; }  /**  * @notice get all attribution number for this contract  * @return amount of all attribution  */ function attributionAll() external view returns (uint256) {     return totalAttributions; }  /**  * @notice Convert attribution number into underlying assset value  * @param _attribution amount of attribution  * @return token value of input attribution  */ function attributionValue(uint256 _attribution)     external     view     override     returns (uint256) {     if (totalAttributions &gt; 0 &amp;&amp; _attribution &gt; 0) {         return (_attribution * valueAll()) / totalAttributions;     } else {         return 0;     } }  /**  * @notice return underlying value of the specified address  * @param _target target address  * @return token value of target address  */ function underlyingValue(address _target)     public     view     override     returns (uint256) {     if (attributions[_target] &gt; 0) {         return (valueAll() * attributions[_target]) / totalAttributions;     } else {         return 0;     } }  /**  * @notice return underlying value of this contract  * @return all token value of the vault  */ function valueAll() public view returns (uint256) {     if (address(controller) != address(0)) {         return balance + controller.valueAll();     } else {         return balance;     } }  /**  * @notice internal function to unutilize the funds and keep utilization rate  * @param _amount amount to withdraw from controller  */ function _unutilize(uint256 _amount) internal {     require(address(controller) != address(0), ""ERROR_CONTROLLER_NOT_SET"");      controller.withdraw(address(this), _amount);     balance += _amount; }  /**  * @notice return how much funds in this contract is available to be utilized  * @return available balance to utilize  */ function available() public view returns (uint256) {     return balance - totalDebt; }  /**  * @notice return how much price for each attribution  * @return value of one share of attribution  */ function getPricePerFullShare() public view returns (uint256) {     return (valueAll() * MAGIC_SCALE_1E6) / totalAttributions; }  /**  * onlyOwner  */  /**  * @notice withdraw redundant token stored in this contract  * @param _token token address  * @param _to beneficiary's address  */ function withdrawRedundant(address _token, address _to)     external     override     onlyOwner {     if (         _token == address(token) &amp;&amp;         balance &lt; IERC20(token).balanceOf(address(this))     ) {         uint256 _redundant = IERC20(token).balanceOf(address(this)) -             balance;         IERC20(token).safeTransfer(_to, _redundant);     } else if (IERC20(_token).balanceOf(address(this)) &gt; 0) {         IERC20(_token).safeTransfer(             _to,             IERC20(_token).balanceOf(address(this))         );     } }  /**  * @notice admin function to set controller address  * @param _controller address of the controller  */ function setController(address _controller) public override onlyOwner {     require(_controller != address(0), ""ERROR_ZERO_ADDRESS"");      if (address(controller) != address(0)) {         controller.migrate(address(_controller));         controller = IController(_controller);     } else {         controller = IController(_controller);     }      emit ControllerSet(_controller); }  /**  * @notice the controller can utilize all available stored funds  * @param _keeper keeper address  */ function setKeeper(address _keeper) external override onlyOwner {     if (keeper != _keeper) {         keeper = _keeper;     } }  } |
| **need_reflect** | False |
| **assistant_role_name** | Security Analyst |
| **user_role_name** | Solidity Programming Expert |
| **phase_prompt** | Given the user's task and the brainstorming ideas provided: Task: ""{task}"". Ideas: ""{ideas}"". As the {assistant_role}, your primary objective is to perform a thorough and detailed inspection of the provided contract code, with a particular focus on identifying vulnerabilities related to Potential Data Inconsistency. This type of vulnerability occurs when data may become inconsistent due to incorrect assumptions about how data is stored, accessed, or modified. Proceed with the following steps in your analysis: 1. Scrutinize the contract's code to identify any assumptions made about the behavior of storage and memory when handling data. 2. Look for patterns where data is copied from storage to memory, or vice versa, and determine if these operations are performed correctly. 3. Identify any functions or segments of code where temporary copies of data are made, and assess whether these copies are used appropriately without causing unintended modifications to the original data. 4. Evaluate the overall logic of data manipulation within the contract to ensure that all operations maintain consistency and integrity of the stored data. If you discover any Potential Data Inconsistency vulnerabilities, respond with: "" Potential Data Inconsistency Identified."" For each vulnerability identified, use the following format: VULNERABILITY NAME or TYPE ''' DETAILED DESCRIPTION of the vulnerability, AND recommended mitigation/fix with no upgrade code ''' If NO Potential Data Inconsistency vulnerabilities are found, respond only with: "" NO Potential Data Inconsistency."" |
| **phase_name** | DataInconsistencyDetector |
| **assistant_role_prompt** | {chatdev_prompt} You are Security Analyst. Now, we are both working at ChatDev and share a common interest in collaborating to successfully execute a marketing strategy for a new customer. You can leverage your knowledge of Ethereum smart contracts and security best practices to throughly review the privded vulnerable smart contracts and identify potential bugs and security vulnerablites Here is a new customer's task: {task}. To complete the task,  you must write a response that appropriately solves the requested instruction based on your expertise and customer's needs. |
| **user_role_prompt** | {chatdev_prompt} You are Solidity Programming Expert. Now, we are both working at ChatDev and share a common interest in collaborating to successfully execute a marketing strategy for a new customer. You can analyze the code structure, logic, and implementation details of the contracts. You have extensive computing and coding experience in Solidity programming language. Here is a new customer's task: {task}. To complete the task,  you must write a response that appropriately solves the requested instruction based on your expertise and customer's needs. |
| **chat_turn_limit** | 1 |
| **placeholders** | {'cycle_num': 1, 'modification_conclusion': '', 'cycle_index': 1, 'task': 'pragma solidity 0.8.7;\n\n/\n * @author InsureDAO\n * @title InsureDAO vault contract\n * @notice\n * SPDX-License-Identifier: GPL-3.0\n */\nimport ""@openzeppelin/contracts/token/ERC20/IERC20.sol"";\nimport ""@openzeppelin/contracts/token/ERC20/utils/SafeERC20.sol"";\n\nimport ""./interfaces/IOwnership.sol"";\nimport ""./interfaces/IVault.sol"";\n\nimport ""./interfaces/IController.sol"";\nimport ""./interfaces/IRegistry.sol"";\n\ncontract Vault is IVault {\n    using SafeERC20 for IERC20;\n\n    /\n     * Storage\n     /\n\n    address public override token;\n    IController public controller;\n    IRegistry public registry;\n    IOwnership public ownership;\n\n    mapping(address =&gt; uint256) public override debts;\n    mapping(address =&gt; uint256) public attributions;\n    uint256 public totalAttributions;\n\n    address public keeper; //keeper can operate utilize(), if address zero, anyone can operate.\n    uint256 public balance; //balance of underlying token\n    uint256 public totalDebt; //total debt balance. 1debt:1token\n\n    uint256 public constant MAGIC_SCALE_1E6 = 1e6; //internal multiplication scale 1e6 to reduce decimal truncation\n\n\n\n    event ControllerSet(address controller);\n\n    modifier onlyOwner() {\n        require(\n            ownership.owner() == msg.sender,\n            ""Restricted: caller is not allowed to operate""\n        );\n        ;\n    }\n\n    modifier onlyMarket() {\n        require(\n            IRegistry(registry).isListed(msg.sender),\n            ""ERROR_ONLY_MARKET""\n        );\n        ;\n    }\n\n    constructor(\n        address _token,\n        address _registry,\n        address _controller,\n        address _ownership\n    ) {\n        require(_token != address(0));\n        require(_registry != address(0));\n        require(_ownership != address(0));\n        //controller can be zero\n\n        token = _token;\n        registry = IRegistry(_registry);\n        controller = IController(_controller);\n        ownership = IOwnership(_ownership);\n    }\n\n    /\n     * Vault Functions\n     /\n\n    /\n     * @notice A market contract can deposit collateral and get attribution point in return\n     * @param  _amount amount of tokens to deposit\n     * @param _from sender\'s address\n     * @param _beneficiaries beneficiary\'s address array\n     * @param _shares funds share within beneficiaries (100% = 1e6)\n     * @return _allocations attribution amount generated from the transaction\n     */\n    function addValueBatch(\n        uint256 _amount,\n        address _from,\n        address[2] memory _beneficiaries,\n        uint256[2] memory _shares\n    ) external override onlyMarket returns (uint256[2] memory _allocations) {\n        \n        require(_shares[0] + _shares[1] == 1000000, ""ERROR_INCORRECT_SHARE"");\n\n        uint256 _attributions;\n        if (totalAttributions == 0) {\n            _attributions = _amount;\n        } else {\n            uint256 _pool = valueAll();\n            _attributions = (_amount * totalAttributions) / _pool;\n        }\n        IERC20(token).safeTransferFrom(_from, address(this), _amount);\n\n        balance += _amount;\n        totalAttributions += _attributions;\n        for (uint128 i = 0; i &lt; 2; i++) {\n            uint256 _allocation = (_shares[i] * _attributions) / MAGIC_SCALE_1E6;\n            attributions[_beneficiaries[i]] += _allocation;\n            _allocations[i] = _allocation;\n        }\n    }\n\n    /\n     * @notice A market contract can deposit collateral and get attribution point in return\n     * @param  _amount amount of tokens to deposit\n     * @param _from sender\'s address\n     * @param _beneficiary beneficiary\'s address\n     * @return _attributions attribution amount generated from the transaction\n     /\n\n    function addValue(\n        uint256 _amount,\n        address _from,\n        address _beneficiary\n    ) external override onlyMarket returns (uint256 _attributions) {\n\n        if (totalAttributions == 0) {\n            _attributions = _amount;\n        } else {\n            uint256 _pool = valueAll();\n            _attributions = (_amount * totalAttributions) / _pool;\n        }\n        IERC20(token).safeTransferFrom(_from, address(this), _amount);\n        balance += _amount;\n        totalAttributions += _attributions;\n        attributions[_beneficiary] += _attributions;\n    }\n\n    /\n     * @notice an address that has balance in the vault can withdraw underlying value\n     * @param _amount amount of tokens to withdraw\n     * @param _to address to get underlying tokens\n     * @return _attributions amount of attributions burnet\n     /\n    function withdrawValue(uint256 _amount, address _to)\n        external\n        override\n        returns (uint256 _attributions)\n    {\n        require(\n            attributions[msg.sender] &gt; 0 &amp;&amp;\n                underlyingValue(msg.sender) &gt;= _amount,\n            ""ERROR_WITHDRAW-VALUE_BADCONDITOONS""\n        );\n        _attributions = (totalAttributions * _amount) / valueAll();\n\n        attributions[msg.sender] -= _attributions;\n        totalAttributions -= _attributions;\n\n        if (available() &lt; _amount) {\n            //when USDC in this contract isn\'t enough\n            uint256 _shortage = _amount - available();\n            _unutilize(_shortage);\n\n            assert(available() &gt;= _amount);\n        }\n\n        balance -= _amount;\n        IERC20(token).safeTransfer(_to, _amount);\n    }\n\n    /\n     * @notice an address that has balance in the vault can transfer underlying value\n     * @param _amount sender of value\n     * @param _destination reciepient of value\n     */\n\n    function transferValue(uint256 _amount, address _destination)\n        external\n        override\n        returns (uint256 _attributions)\n    {\n        require(\n            attributions[msg.sender] &gt; 0 &amp;&amp;\n                underlyingValue(msg.sender) &gt;= _amount,\n            ""ERROR_TRANSFER-VALUE_BADCONDITOONS""\n        );\n        _attributions = (_amount * totalAttributions) / valueAll();\n        attributions[msg.sender] -= _attributions;\n        attributions[_destination] += _attributions;\n    }\n\n    /\n     * @notice a registered contract can borrow balance from the vault\n     * @param _amount borrow amount\n     * @param _to borrower\'s address\n     /\n    function borrowValue(uint256 _amount, address _to) external onlyMarket override {\n        debts[msg.sender] += _amount;\n        totalDebt += _amount;\n\n        IERC20(token).safeTransfer(_to, _amount);\n    }\n\n    /\n     * @notice an address that has balance in the vault can offset an address\'s debt\n     * @param _amount debt amount to offset\n     * @param _target borrower\'s address\n     /\n\n    function offsetDebt(uint256 _amount, address _target)\n        external\n        override\n        returns (uint256 _attributions)\n    {\n        require(\n            attributions[msg.sender] &gt; 0 &amp;&amp;\n                underlyingValue(msg.sender) &gt;= _amount,\n            ""ERROR_REPAY_DEBT_BADCONDITOONS""\n        );\n        _attributions = (_amount * totalAttributions) / valueAll();\n        attributions[msg.sender] -= _attributions;\n        totalAttributions -= _attributions;\n        balance -= _amount;\n        debts[_target] -= _amount;\n        totalDebt -= _amount;\n    }\n\n    /\n     * @notice a registerd market can transfer their debt to system debt\n     * @param _amount debt amount to transfer\n     * @dev will be called when CDS could not afford when resume the market.\n     */\n    function transferDebt(uint256 _amount) external onlyMarket override {\n\n        if(_amount != 0){\n            debts[msg.sender] -= _amount;\n            debts[address(0)] += _amount;\n        }\n    }\n\n    /\n     * @notice anyone can repay the system debt by sending tokens to this contract\n     * @param _amount debt amount to repay\n     * @param _target borrower\'s address\n     /\n    function repayDebt(uint256 _amount, address _target) external override {\n        uint256 _debt = debts[_target];\n        if (_debt &gt;= _amount) {\n            debts[_target] -= _amount;\n            totalDebt -= _amount;\n            IERC20(token).safeTransferFrom(msg.sender, address(this), _amount);\n        } else {\n            debts[_target] = 0;\n            totalDebt -= _debt;\n            IERC20(token).safeTransferFrom(msg.sender, address(this), _debt);\n        }\n    }\n\n    /\n     * @notice an address that has balance in the vault can withdraw value denominated in attribution\n     * @param _attribution amount of attribution to burn\n     * @param _to beneficiary\'s address\n     * @return _retVal number of tokens withdrawn from the transaction\n     /\n    function withdrawAttribution(uint256 _attribution, address _to)\n        external\n        override\n        returns (uint256 _retVal)\n    {\n        _retVal = _withdrawAttribution(_attribution, _to);\n    }\n\n    /\n     * @notice an address that has balance in the vault can withdraw all value\n     * @param _to beneficiary\'s address\n     * @return _retVal number of tokens withdrawn from the transaction\n     */\n    function withdrawAllAttribution(address _to)\n        external\n        override\n        returns (uint256 _retVal)\n    {\n        _retVal = _withdrawAttribution(attributions[msg.sender], _to);\n    }\n\n    /\n     * @notice an address that has balance in the vault can withdraw all value\n     * @param _attribution amount of attribution to burn\n     * @param _to beneficiary\'s address\n     * @return _retVal number of tokens withdrawn from the transaction\n     /\n    function _withdrawAttribution(uint256 _attribution, address _to)\n        internal\n        returns (uint256 _retVal)\n    {\n        require(\n            attributions[msg.sender] &gt;= _attribution,\n            ""ERROR_WITHDRAW-ATTRIBUTION_BADCONDITOONS""\n        );\n        _retVal = (_attribution * valueAll()) / totalAttributions;\n\n        attributions[msg.sender] -= _attribution;\n        totalAttributions -= _attribution;\n\n        if (available() &lt; _retVal) {\n            uint256 _shortage = _retVal - available();\n            _unutilize(_shortage);\n        }\n\n        balance -= _retVal;\n        IERC20(token).safeTransfer(_to, _retVal);\n    }\n\n    /\n     * @notice an address that has balance in the vault can transfer value denominated in attribution\n     * @param _amount amount of attribution to transfer\n     * @param _destination reciepient of attribution\n     /\n    function transferAttribution(uint256 _amount, address _destination)\n        external\n        override\n    {\n        require(_destination != address(0), ""ERROR_ZERO_ADDRESS"");\n\n        require(\n            _amount != 0 &amp;&amp; attributions[msg.sender] &gt;= _amount,\n            ""ERROR_TRANSFER-ATTRIBUTION_BADCONDITOONS""\n        );\n\n        attributions[msg.sender] -= _amount;\n        attributions[_destination] += _amount;\n    }\n\n    /\n     * @notice the controller can utilize all available stored funds\n     * @return _amount amount of tokens utilized\n     */\n    function utilize() external override returns (uint256 _amount) {\n        if (keeper != address(0)) {\n            require(msg.sender == keeper, ""ERROR_NOT_KEEPER"");\n        }\n        _amount = available(); //balance\n        if (_amount &gt; 0) {\n            IERC20(token).safeTransfer(address(controller), _amount);\n            balance -= _amount;\n            controller.earn(address(token), _amount);\n        }\n    }\n\n    /\n     * @notice get attribution number for the specified address\n     * @param _target target address\n     * @return amount of attritbution\n     /\n\n    function attributionOf(address _target)\n        external\n        view\n        override\n        returns (uint256)\n    {\n        return attributions[_target];\n    }\n\n    /\n     * @notice get all attribution number for this contract\n     * @return amount of all attribution\n     /\n    function attributionAll() external view returns (uint256) {\n        return totalAttributions;\n    }\n\n    /\n     * @notice Convert attribution number into underlying assset value\n     * @param _attribution amount of attribution\n     * @return token value of input attribution\n     */\n    function attributionValue(uint256 _attribution)\n        external\n        view\n        override\n        returns (uint256)\n    {\n        if (totalAttributions &gt; 0 &amp;&amp; _attribution &gt; 0) {\n            return (_attribution * valueAll()) / totalAttributions;\n        } else {\n            return 0;\n        }\n    }\n\n    /\n     * @notice return underlying value of the specified address\n     * @param _target target address\n     * @return token value of target address\n     /\n    function underlyingValue(address _target)\n        public\n        view\n        override\n        returns (uint256)\n    {\n        if (attributions[_target] &gt; 0) {\n            return (valueAll() * attributions[_target]) / totalAttributions;\n        } else {\n            return 0;\n        }\n    }\n\n    /\n     * @notice return underlying value of this contract\n     * @return all token value of the vault\n     /\n    function valueAll() public view returns (uint256) {\n        if (address(controller) != address(0)) {\n            return balance + controller.valueAll();\n        } else {\n            return balance;\n        }\n    }\n\n    /\n     * @notice internal function to unutilize the funds and keep utilization rate\n     * @param _amount amount to withdraw from controller\n     */\n    function _unutilize(uint256 _amount) internal {\n        require(address(controller) != address(0), ""ERROR_CONTROLLER_NOT_SET"");\n\n        controller.withdraw(address(this), _amount);\n        balance += _amount;\n    }\n\n    /\n     * @notice return how much funds in this contract is available to be utilized\n     * @return available balance to utilize\n     /\n    function available() public view returns (uint256) {\n        return balance - totalDebt;\n    }\n\n    /\n     * @notice return how much price for each attribution\n     * @return value of one share of attribution\n     /\n    function getPricePerFullShare() public view returns (uint256) {\n        return (valueAll() * MAGIC_SCALE_1E6) / totalAttributions;\n    }\n\n    /\n     * onlyOwner\n     */\n\n    /\n     * @notice withdraw redundant token stored in this contract\n     * @param _token token address\n     * @param _to beneficiary\'s address\n     /\n    function withdrawRedundant(address _token, address _to)\n        external\n        override\n        onlyOwner\n    {\n        if (\n            _token == address(token) &amp;&amp;\n            balance &lt; IERC20(token).balanceOf(address(this))\n        ) {\n            uint256 _redundant = IERC20(token).balanceOf(address(this)) -\n                balance;\n            IERC20(token).safeTransfer(_to, _redundant);\n        } else if (IERC20(_token).balanceOf(address(this)) &gt; 0) {\n            IERC20(_token).safeTransfer(\n                _to,\n                IERC20(_token).balanceOf(address(this))\n            );\n        }\n    }\n\n    /\n     * @notice admin function to set controller address\n     * @param _controller address of the controller\n     /\n    function setController(address _controller) public override onlyOwner {\n        require(_controller != address(0), ""ERROR_ZERO_ADDRESS"");\n\n        if (address(controller) != address(0)) {\n            controller.migrate(address(_controller));\n            controller = IController(_controller);\n        } else {\n            controller = IController(_controller);\n        }\n\n        emit ControllerSet(_controller);\n    }\n\n    /*\n     * @notice the controller can utilize all available stored funds\n     * @param _keeper keeper address\n     /\n    function setKeeper(address _keeper) external override onlyOwner {\n        if (keeper != _keeper) {\n            keeper = _keeper;\n        }\n    }\n}\n', 'ideas': "" Lack of Authorization Identified.\n\n\nVULNERABILITY NAME: Lack of Access Control on Sensitive Functions\n'''\nThe contract contains several functions that modify the state of the contract or perform sensitive operations without appropriate access control mechanisms. Specifically, the following functions are accessible to any user:\n- `borrowValue(uint256 _amount, address _to)`: This function allows any market contract to borrow funds from the vault without any restrictions on the amount or the borrower.\n- `repayDebt(uint256 _amount, address _target)`: This function allows anyone to repay the debt of any user by specifying the target address, which could lead to unauthorized debt repayments.\n- `transferDebt(uint256 _amount)`: This function allows any registered market to transfer their debt to the system debt without any checks on the amount or the market's authorization.\n\nRecommended Mitigation/Fix: Implement appropriate access control mechanisms for these functions. For example, restrict the `borrowValue` function to only allow the owner or a specific role to borrow funds. Similarly, ensure that the `repayDebt` function can only be called by the target user or an authorized entity. Consider using role-based access control (RBAC) or similar patterns to enforce these restrictions.\n'''\n""} |
| **memory** | No existed memory |
| **model_type** | ModelType.GPT_4_O_MINI |

[2024-10-08 11:56:34 INFO] System: **[RolePlaying]**

| Parameter | Value |
| --- | --- |
| **assistant_role_name** | Security Analyst |
| **user_role_name** | Solidity Programming Expert |
| **assistant_role_prompt** | {chatdev_prompt} You are Security Analyst. Now, we are both working at ChatDev and share a common interest in collaborating to successfully execute a marketing strategy for a new customer. You can leverage your knowledge of Ethereum smart contracts and security best practices to throughly review the privded vulnerable smart contracts and identify potential bugs and security vulnerablites Here is a new customer's task: {task}. To complete the task,  you must write a response that appropriately solves the requested instruction based on your expertise and customer's needs. |
| **user_role_prompt** | {chatdev_prompt} You are Solidity Programming Expert. Now, we are both working at ChatDev and share a common interest in collaborating to successfully execute a marketing strategy for a new customer. You can analyze the code structure, logic, and implementation details of the contracts. You have extensive computing and coding experience in Solidity programming language. Here is a new customer's task: {task}. To complete the task,  you must write a response that appropriately solves the requested instruction based on your expertise and customer's needs. |
| **task_prompt** | pragma solidity 0.8.7; /*  * @author InsureDAO  * @title InsureDAO vault contract  * @notice  * SPDX-License-Identifier: GPL-3.0  / import ""@openzeppelin/contracts/token/ERC20/IERC20.sol""; import ""@openzeppelin/contracts/token/ERC20/utils/SafeERC20.sol""; import ""./interfaces/IOwnership.sol""; import ""./interfaces/IVault.sol""; import ""./interfaces/IController.sol""; import ""./interfaces/IRegistry.sol""; contract Vault is IVault {     using SafeERC20 for IERC20; /**  * Storage  */  address public override token; IController public controller; IRegistry public registry; IOwnership public ownership;  mapping(address =&gt; uint256) public override debts; mapping(address =&gt; uint256) public attributions; uint256 public totalAttributions;  address public keeper; //keeper can operate utilize(), if address zero, anyone can operate. uint256 public balance; //balance of underlying token uint256 public totalDebt; //total debt balance. 1debt:1token  uint256 public constant MAGIC_SCALE_1E6 = 1e6; //internal multiplication scale 1e6 to reduce decimal truncation    event ControllerSet(address controller);  modifier onlyOwner() {     require(         ownership.owner() == msg.sender,         ""Restricted: caller is not allowed to operate""     );     _; }  modifier onlyMarket() {     require(         IRegistry(registry).isListed(msg.sender),         ""ERROR_ONLY_MARKET""     );     _; }  constructor(     address _token,     address _registry,     address _controller,     address _ownership ) {     require(_token != address(0));     require(_registry != address(0));     require(_ownership != address(0));     //controller can be zero      token = _token;     registry = IRegistry(_registry);     controller = IController(_controller);     ownership = IOwnership(_ownership); }  /**  * Vault Functions  */  /**  * @notice A market contract can deposit collateral and get attribution point in return  * @param  _amount amount of tokens to deposit  * @param _from sender's address  * @param _beneficiaries beneficiary's address array  * @param _shares funds share within beneficiaries (100% = 1e6)  * @return _allocations attribution amount generated from the transaction  */ function addValueBatch(     uint256 _amount,     address _from,     address[2] memory _beneficiaries,     uint256[2] memory _shares ) external override onlyMarket returns (uint256[2] memory _allocations) {      require(_shares[0] + _shares[1] == 1000000, ""ERROR_INCORRECT_SHARE"");      uint256 _attributions;     if (totalAttributions == 0) {         _attributions = _amount;     } else {         uint256 _pool = valueAll();         _attributions = (_amount * totalAttributions) / _pool;     }     IERC20(token).safeTransferFrom(_from, address(this), _amount);      balance += _amount;     totalAttributions += _attributions;     for (uint128 i = 0; i &lt; 2; i++) {         uint256 _allocation = (_shares[i] * _attributions) / MAGIC_SCALE_1E6;         attributions[_beneficiaries[i]] += _allocation;         _allocations[i] = _allocation;     } }  /**  * @notice A market contract can deposit collateral and get attribution point in return  * @param  _amount amount of tokens to deposit  * @param _from sender's address  * @param _beneficiary beneficiary's address  * @return _attributions attribution amount generated from the transaction  */  function addValue(     uint256 _amount,     address _from,     address _beneficiary ) external override onlyMarket returns (uint256 _attributions) {      if (totalAttributions == 0) {         _attributions = _amount;     } else {         uint256 _pool = valueAll();         _attributions = (_amount * totalAttributions) / _pool;     }     IERC20(token).safeTransferFrom(_from, address(this), _amount);     balance += _amount;     totalAttributions += _attributions;     attributions[_beneficiary] += _attributions; }  /**  * @notice an address that has balance in the vault can withdraw underlying value  * @param _amount amount of tokens to withdraw  * @param _to address to get underlying tokens  * @return _attributions amount of attributions burnet  */ function withdrawValue(uint256 _amount, address _to)     external     override     returns (uint256 _attributions) {     require(         attributions[msg.sender] &gt; 0 &amp;&amp;             underlyingValue(msg.sender) &gt;= _amount,         ""ERROR_WITHDRAW-VALUE_BADCONDITOONS""     );     _attributions = (totalAttributions * _amount) / valueAll();      attributions[msg.sender] -= _attributions;     totalAttributions -= _attributions;      if (available() &lt; _amount) {         //when USDC in this contract isn't enough         uint256 _shortage = _amount - available();         _unutilize(_shortage);          assert(available() &gt;= _amount);     }      balance -= _amount;     IERC20(token).safeTransfer(_to, _amount); }  /**  * @notice an address that has balance in the vault can transfer underlying value  * @param _amount sender of value  * @param _destination reciepient of value  */  function transferValue(uint256 _amount, address _destination)     external     override     returns (uint256 _attributions) {     require(         attributions[msg.sender] &gt; 0 &amp;&amp;             underlyingValue(msg.sender) &gt;= _amount,         ""ERROR_TRANSFER-VALUE_BADCONDITOONS""     );     _attributions = (_amount * totalAttributions) / valueAll();     attributions[msg.sender] -= _attributions;     attributions[_destination] += _attributions; }  /**  * @notice a registered contract can borrow balance from the vault  * @param _amount borrow amount  * @param _to borrower's address  */ function borrowValue(uint256 _amount, address _to) external onlyMarket override {     debts[msg.sender] += _amount;     totalDebt += _amount;      IERC20(token).safeTransfer(_to, _amount); }  /**  * @notice an address that has balance in the vault can offset an address's debt  * @param _amount debt amount to offset  * @param _target borrower's address  */  function offsetDebt(uint256 _amount, address _target)     external     override     returns (uint256 _attributions) {     require(         attributions[msg.sender] &gt; 0 &amp;&amp;             underlyingValue(msg.sender) &gt;= _amount,         ""ERROR_REPAY_DEBT_BADCONDITOONS""     );     _attributions = (_amount * totalAttributions) / valueAll();     attributions[msg.sender] -= _attributions;     totalAttributions -= _attributions;     balance -= _amount;     debts[_target] -= _amount;     totalDebt -= _amount; }  /**  * @notice a registerd market can transfer their debt to system debt  * @param _amount debt amount to transfer  * @dev will be called when CDS could not afford when resume the market.  */ function transferDebt(uint256 _amount) external onlyMarket override {      if(_amount != 0){         debts[msg.sender] -= _amount;         debts[address(0)] += _amount;     } }  /**  * @notice anyone can repay the system debt by sending tokens to this contract  * @param _amount debt amount to repay  * @param _target borrower's address  */ function repayDebt(uint256 _amount, address _target) external override {     uint256 _debt = debts[_target];     if (_debt &gt;= _amount) {         debts[_target] -= _amount;         totalDebt -= _amount;         IERC20(token).safeTransferFrom(msg.sender, address(this), _amount);     } else {         debts[_target] = 0;         totalDebt -= _debt;         IERC20(token).safeTransferFrom(msg.sender, address(this), _debt);     } }  /**  * @notice an address that has balance in the vault can withdraw value denominated in attribution  * @param _attribution amount of attribution to burn  * @param _to beneficiary's address  * @return _retVal number of tokens withdrawn from the transaction  */ function withdrawAttribution(uint256 _attribution, address _to)     external     override     returns (uint256 _retVal) {     _retVal = _withdrawAttribution(_attribution, _to); }  /**  * @notice an address that has balance in the vault can withdraw all value  * @param _to beneficiary's address  * @return _retVal number of tokens withdrawn from the transaction  */ function withdrawAllAttribution(address _to)     external     override     returns (uint256 _retVal) {     _retVal = _withdrawAttribution(attributions[msg.sender], _to); }  /**  * @notice an address that has balance in the vault can withdraw all value  * @param _attribution amount of attribution to burn  * @param _to beneficiary's address  * @return _retVal number of tokens withdrawn from the transaction  */ function _withdrawAttribution(uint256 _attribution, address _to)     internal     returns (uint256 _retVal) {     require(         attributions[msg.sender] &gt;= _attribution,         ""ERROR_WITHDRAW-ATTRIBUTION_BADCONDITOONS""     );     _retVal = (_attribution * valueAll()) / totalAttributions;      attributions[msg.sender] -= _attribution;     totalAttributions -= _attribution;      if (available() &lt; _retVal) {         uint256 _shortage = _retVal - available();         _unutilize(_shortage);     }      balance -= _retVal;     IERC20(token).safeTransfer(_to, _retVal); }  /**  * @notice an address that has balance in the vault can transfer value denominated in attribution  * @param _amount amount of attribution to transfer  * @param _destination reciepient of attribution  */ function transferAttribution(uint256 _amount, address _destination)     external     override {     require(_destination != address(0), ""ERROR_ZERO_ADDRESS"");      require(         _amount != 0 &amp;&amp; attributions[msg.sender] &gt;= _amount,         ""ERROR_TRANSFER-ATTRIBUTION_BADCONDITOONS""     );      attributions[msg.sender] -= _amount;     attributions[_destination] += _amount; }  /**  * @notice the controller can utilize all available stored funds  * @return _amount amount of tokens utilized  */ function utilize() external override returns (uint256 _amount) {     if (keeper != address(0)) {         require(msg.sender == keeper, ""ERROR_NOT_KEEPER"");     }     _amount = available(); //balance     if (_amount &gt; 0) {         IERC20(token).safeTransfer(address(controller), _amount);         balance -= _amount;         controller.earn(address(token), _amount);     } }  /**  * @notice get attribution number for the specified address  * @param _target target address  * @return amount of attritbution  */  function attributionOf(address _target)     external     view     override     returns (uint256) {     return attributions[_target]; }  /**  * @notice get all attribution number for this contract  * @return amount of all attribution  */ function attributionAll() external view returns (uint256) {     return totalAttributions; }  /**  * @notice Convert attribution number into underlying assset value  * @param _attribution amount of attribution  * @return token value of input attribution  */ function attributionValue(uint256 _attribution)     external     view     override     returns (uint256) {     if (totalAttributions &gt; 0 &amp;&amp; _attribution &gt; 0) {         return (_attribution * valueAll()) / totalAttributions;     } else {         return 0;     } }  /**  * @notice return underlying value of the specified address  * @param _target target address  * @return token value of target address  */ function underlyingValue(address _target)     public     view     override     returns (uint256) {     if (attributions[_target] &gt; 0) {         return (valueAll() * attributions[_target]) / totalAttributions;     } else {         return 0;     } }  /**  * @notice return underlying value of this contract  * @return all token value of the vault  */ function valueAll() public view returns (uint256) {     if (address(controller) != address(0)) {         return balance + controller.valueAll();     } else {         return balance;     } }  /**  * @notice internal function to unutilize the funds and keep utilization rate  * @param _amount amount to withdraw from controller  */ function _unutilize(uint256 _amount) internal {     require(address(controller) != address(0), ""ERROR_CONTROLLER_NOT_SET"");      controller.withdraw(address(this), _amount);     balance += _amount; }  /**  * @notice return how much funds in this contract is available to be utilized  * @return available balance to utilize  */ function available() public view returns (uint256) {     return balance - totalDebt; }  /**  * @notice return how much price for each attribution  * @return value of one share of attribution  */ function getPricePerFullShare() public view returns (uint256) {     return (valueAll() * MAGIC_SCALE_1E6) / totalAttributions; }  /**  * onlyOwner  */  /**  * @notice withdraw redundant token stored in this contract  * @param _token token address  * @param _to beneficiary's address  */ function withdrawRedundant(address _token, address _to)     external     override     onlyOwner {     if (         _token == address(token) &amp;&amp;         balance &lt; IERC20(token).balanceOf(address(this))     ) {         uint256 _redundant = IERC20(token).balanceOf(address(this)) -             balance;         IERC20(token).safeTransfer(_to, _redundant);     } else if (IERC20(_token).balanceOf(address(this)) &gt; 0) {         IERC20(_token).safeTransfer(             _to,             IERC20(_token).balanceOf(address(this))         );     } }  /**  * @notice admin function to set controller address  * @param _controller address of the controller  */ function setController(address _controller) public override onlyOwner {     require(_controller != address(0), ""ERROR_ZERO_ADDRESS"");      if (address(controller) != address(0)) {         controller.migrate(address(_controller));         controller = IController(_controller);     } else {         controller = IController(_controller);     }      emit ControllerSet(_controller); }  /**  * @notice the controller can utilize all available stored funds  * @param _keeper keeper address  */ function setKeeper(address _keeper) external override onlyOwner {     if (keeper != _keeper) {         keeper = _keeper;     } }  } |
| **with_task_specify** | False |
| **memory** | No existed memory |
| **model_type** | ModelType.GPT_4_O_MINI |
| **background_prompt** | We are a specialized team that audits Solidity smart contracts using an advanced multi-agent system. Our approach combines the expertise of project management, smart contract counseling, auditing, and Solidity programming to deliver comprehensive and reliable contract assessments. |

[2024-10-08 11:56:34 INFO] Solidity Programming Expert: **[Start Chat]**

[We are a specialized team that audits Solidity smart contracts using an advanced multi-agent system. Our approach combines the expertise of project management, smart contract counseling, auditing, and Solidity programming to deliver comprehensive and reliable contract assessments.
You are Security Analyst. Now, we are both working at ChatDev and share a common interest in collaborating to successfully execute a marketing strategy for a new customer.
You can leverage your knowledge of Ethereum smart contracts and security best practices to throughly review the privded vulnerable smart contracts and identify potential bugs and security vulnerablites
Here is a new customer's task: pragma solidity 0.8.7;

/**
 * @author InsureDAO
 * @title InsureDAO vault contract
 * @notice
 * SPDX-License-Identifier: GPL-3.0
 */
import ""@openzeppelin/contracts/token/ERC20/IERC20.sol"";
import ""@openzeppelin/contracts/token/ERC20/utils/SafeERC20.sol"";

import ""./interfaces/IOwnership.sol"";
import ""./interfaces/IVault.sol"";

import ""./interfaces/IController.sol"";
import ""./interfaces/IRegistry.sol"";

contract Vault is IVault {
    using SafeERC20 for IERC20;

    /**
     * Storage
     */

    address public override token;
    IController public controller;
    IRegistry public registry;
    IOwnership public ownership;

    mapping(address => uint256) public override debts;
    mapping(address => uint256) public attributions;
    uint256 public totalAttributions;

    address public keeper; //keeper can operate utilize(), if address zero, anyone can operate.
    uint256 public balance; //balance of underlying token
    uint256 public totalDebt; //total debt balance. 1debt:1token

    uint256 public constant MAGIC_SCALE_1E6 = 1e6; //internal multiplication scale 1e6 to reduce decimal truncation



    event ControllerSet(address controller);

    modifier onlyOwner() {
        require(
            ownership.owner() == msg.sender,
            ""Restricted: caller is not allowed to operate""
        );
        _;
    }

    modifier onlyMarket() {
        require(
            IRegistry(registry).isListed(msg.sender),
            ""ERROR_ONLY_MARKET""
        );
        _;
    }

    constructor(
        address _token,
        address _registry,
        address _controller,
        address _ownership
    ) {
        require(_token != address(0));
        require(_registry != address(0));
        require(_ownership != address(0));
        //controller can be zero

        token = _token;
        registry = IRegistry(_registry);
        controller = IController(_controller);
        ownership = IOwnership(_ownership);
    }

    /**
     * Vault Functions
     */

    /**
     * @notice A market contract can deposit collateral and get attribution point in return
     * @param  _amount amount of tokens to deposit
     * @param _from sender's address
     * @param _beneficiaries beneficiary's address array
     * @param _shares funds share within beneficiaries (100% = 1e6)
     * @return _allocations attribution amount generated from the transaction
     */
    function addValueBatch(
        uint256 _amount,
        address _from,
        address[2] memory _beneficiaries,
        uint256[2] memory _shares
    ) external override onlyMarket returns (uint256[2] memory _allocations) {
        
        require(_shares[0] + _shares[1] == 1000000, ""ERROR_INCORRECT_SHARE"");

        uint256 _attributions;
        if (totalAttributions == 0) {
            _attributions = _amount;
        } else {
            uint256 _pool = valueAll();
            _attributions = (_amount * totalAttributions) / _pool;
        }
        IERC20(token).safeTransferFrom(_from, address(this), _amount);

        balance += _amount;
        totalAttributions += _attributions;
        for (uint128 i = 0; i < 2; i++) {
            uint256 _allocation = (_shares[i] * _attributions) / MAGIC_SCALE_1E6;
            attributions[_beneficiaries[i]] += _allocation;
            _allocations[i] = _allocation;
        }
    }

    /**
     * @notice A market contract can deposit collateral and get attribution point in return
     * @param  _amount amount of tokens to deposit
     * @param _from sender's address
     * @param _beneficiary beneficiary's address
     * @return _attributions attribution amount generated from the transaction
     */

    function addValue(
        uint256 _amount,
        address _from,
        address _beneficiary
    ) external override onlyMarket returns (uint256 _attributions) {

        if (totalAttributions == 0) {
            _attributions = _amount;
        } else {
            uint256 _pool = valueAll();
            _attributions = (_amount * totalAttributions) / _pool;
        }
        IERC20(token).safeTransferFrom(_from, address(this), _amount);
        balance += _amount;
        totalAttributions += _attributions;
        attributions[_beneficiary] += _attributions;
    }

    /**
     * @notice an address that has balance in the vault can withdraw underlying value
     * @param _amount amount of tokens to withdraw
     * @param _to address to get underlying tokens
     * @return _attributions amount of attributions burnet
     */
    function withdrawValue(uint256 _amount, address _to)
        external
        override
        returns (uint256 _attributions)
    {
        require(
            attributions[msg.sender] > 0 &&
                underlyingValue(msg.sender) >= _amount,
            ""ERROR_WITHDRAW-VALUE_BADCONDITOONS""
        );
        _attributions = (totalAttributions * _amount) / valueAll();

        attributions[msg.sender] -= _attributions;
        totalAttributions -= _attributions;

        if (available() < _amount) {
            //when USDC in this contract isn't enough
            uint256 _shortage = _amount - available();
            _unutilize(_shortage);

            assert(available() >= _amount);
        }

        balance -= _amount;
        IERC20(token).safeTransfer(_to, _amount);
    }

    /**
     * @notice an address that has balance in the vault can transfer underlying value
     * @param _amount sender of value
     * @param _destination reciepient of value
     */

    function transferValue(uint256 _amount, address _destination)
        external
        override
        returns (uint256 _attributions)
    {
        require(
            attributions[msg.sender] > 0 &&
                underlyingValue(msg.sender) >= _amount,
            ""ERROR_TRANSFER-VALUE_BADCONDITOONS""
        );
        _attributions = (_amount * totalAttributions) / valueAll();
        attributions[msg.sender] -= _attributions;
        attributions[_destination] += _attributions;
    }

    /**
     * @notice a registered contract can borrow balance from the vault
     * @param _amount borrow amount
     * @param _to borrower's address
     */
    function borrowValue(uint256 _amount, address _to) external onlyMarket override {
        debts[msg.sender] += _amount;
        totalDebt += _amount;

        IERC20(token).safeTransfer(_to, _amount);
    }

    /**
     * @notice an address that has balance in the vault can offset an address's debt
     * @param _amount debt amount to offset
     * @param _target borrower's address
     */

    function offsetDebt(uint256 _amount, address _target)
        external
        override
        returns (uint256 _attributions)
    {
        require(
            attributions[msg.sender] > 0 &&
                underlyingValue(msg.sender) >= _amount,
            ""ERROR_REPAY_DEBT_BADCONDITOONS""
        );
        _attributions = (_amount * totalAttributions) / valueAll();
        attributions[msg.sender] -= _attributions;
        totalAttributions -= _attributions;
        balance -= _amount;
        debts[_target] -= _amount;
        totalDebt -= _amount;
    }

    /**
     * @notice a registerd market can transfer their debt to system debt
     * @param _amount debt amount to transfer
     * @dev will be called when CDS could not afford when resume the market.
     */
    function transferDebt(uint256 _amount) external onlyMarket override {

        if(_amount != 0){
            debts[msg.sender] -= _amount;
            debts[address(0)] += _amount;
        }
    }

    /**
     * @notice anyone can repay the system debt by sending tokens to this contract
     * @param _amount debt amount to repay
     * @param _target borrower's address
     */
    function repayDebt(uint256 _amount, address _target) external override {
        uint256 _debt = debts[_target];
        if (_debt >= _amount) {
            debts[_target] -= _amount;
            totalDebt -= _amount;
            IERC20(token).safeTransferFrom(msg.sender, address(this), _amount);
        } else {
            debts[_target] = 0;
            totalDebt -= _debt;
            IERC20(token).safeTransferFrom(msg.sender, address(this), _debt);
        }
    }

    /**
     * @notice an address that has balance in the vault can withdraw value denominated in attribution
     * @param _attribution amount of attribution to burn
     * @param _to beneficiary's address
     * @return _retVal number of tokens withdrawn from the transaction
     */
    function withdrawAttribution(uint256 _attribution, address _to)
        external
        override
        returns (uint256 _retVal)
    {
        _retVal = _withdrawAttribution(_attribution, _to);
    }

    /**
     * @notice an address that has balance in the vault can withdraw all value
     * @param _to beneficiary's address
     * @return _retVal number of tokens withdrawn from the transaction
     */
    function withdrawAllAttribution(address _to)
        external
        override
        returns (uint256 _retVal)
    {
        _retVal = _withdrawAttribution(attributions[msg.sender], _to);
    }

    /**
     * @notice an address that has balance in the vault can withdraw all value
     * @param _attribution amount of attribution to burn
     * @param _to beneficiary's address
     * @return _retVal number of tokens withdrawn from the transaction
     */
    function _withdrawAttribution(uint256 _attribution, address _to)
        internal
        returns (uint256 _retVal)
    {
        require(
            attributions[msg.sender] >= _attribution,
            ""ERROR_WITHDRAW-ATTRIBUTION_BADCONDITOONS""
        );
        _retVal = (_attribution * valueAll()) / totalAttributions;

        attributions[msg.sender] -= _attribution;
        totalAttributions -= _attribution;

        if (available() < _retVal) {
            uint256 _shortage = _retVal - available();
            _unutilize(_shortage);
        }

        balance -= _retVal;
        IERC20(token).safeTransfer(_to, _retVal);
    }

    /**
     * @notice an address that has balance in the vault can transfer value denominated in attribution
     * @param _amount amount of attribution to transfer
     * @param _destination reciepient of attribution
     */
    function transferAttribution(uint256 _amount, address _destination)
        external
        override
    {
        require(_destination != address(0), ""ERROR_ZERO_ADDRESS"");

        require(
            _amount != 0 && attributions[msg.sender] >= _amount,
            ""ERROR_TRANSFER-ATTRIBUTION_BADCONDITOONS""
        );

        attributions[msg.sender] -= _amount;
        attributions[_destination] += _amount;
    }

    /**
     * @notice the controller can utilize all available stored funds
     * @return _amount amount of tokens utilized
     */
    function utilize() external override returns (uint256 _amount) {
        if (keeper != address(0)) {
            require(msg.sender == keeper, ""ERROR_NOT_KEEPER"");
        }
        _amount = available(); //balance
        if (_amount > 0) {
            IERC20(token).safeTransfer(address(controller), _amount);
            balance -= _amount;
            controller.earn(address(token), _amount);
        }
    }

    /**
     * @notice get attribution number for the specified address
     * @param _target target address
     * @return amount of attritbution
     */

    function attributionOf(address _target)
        external
        view
        override
        returns (uint256)
    {
        return attributions[_target];
    }

    /**
     * @notice get all attribution number for this contract
     * @return amount of all attribution
     */
    function attributionAll() external view returns (uint256) {
        return totalAttributions;
    }

    /**
     * @notice Convert attribution number into underlying assset value
     * @param _attribution amount of attribution
     * @return token value of input attribution
     */
    function attributionValue(uint256 _attribution)
        external
        view
        override
        returns (uint256)
    {
        if (totalAttributions > 0 && _attribution > 0) {
            return (_attribution * valueAll()) / totalAttributions;
        } else {
            return 0;
        }
    }

    /**
     * @notice return underlying value of the specified address
     * @param _target target address
     * @return token value of target address
     */
    function underlyingValue(address _target)
        public
        view
        override
        returns (uint256)
    {
        if (attributions[_target] > 0) {
            return (valueAll() * attributions[_target]) / totalAttributions;
        } else {
            return 0;
        }
    }

    /**
     * @notice return underlying value of this contract
     * @return all token value of the vault
     */
    function valueAll() public view returns (uint256) {
        if (address(controller) != address(0)) {
            return balance + controller.valueAll();
        } else {
            return balance;
        }
    }

    /**
     * @notice internal function to unutilize the funds and keep utilization rate
     * @param _amount amount to withdraw from controller
     */
    function _unutilize(uint256 _amount) internal {
        require(address(controller) != address(0), ""ERROR_CONTROLLER_NOT_SET"");

        controller.withdraw(address(this), _amount);
        balance += _amount;
    }

    /**
     * @notice return how much funds in this contract is available to be utilized
     * @return available balance to utilize
     */
    function available() public view returns (uint256) {
        return balance - totalDebt;
    }

    /**
     * @notice return how much price for each attribution
     * @return value of one share of attribution
     */
    function getPricePerFullShare() public view returns (uint256) {
        return (valueAll() * MAGIC_SCALE_1E6) / totalAttributions;
    }

    /**
     * onlyOwner
     */

    /**
     * @notice withdraw redundant token stored in this contract
     * @param _token token address
     * @param _to beneficiary's address
     */
    function withdrawRedundant(address _token, address _to)
        external
        override
        onlyOwner
    {
        if (
            _token == address(token) &&
            balance < IERC20(token).balanceOf(address(this))
        ) {
            uint256 _redundant = IERC20(token).balanceOf(address(this)) -
                balance;
            IERC20(token).safeTransfer(_to, _redundant);
        } else if (IERC20(_token).balanceOf(address(this)) > 0) {
            IERC20(_token).safeTransfer(
                _to,
                IERC20(_token).balanceOf(address(this))
            );
        }
    }

    /**
     * @notice admin function to set controller address
     * @param _controller address of the controller
     */
    function setController(address _controller) public override onlyOwner {
        require(_controller != address(0), ""ERROR_ZERO_ADDRESS"");

        if (address(controller) != address(0)) {
            controller.migrate(address(_controller));
            controller = IController(_controller);
        } else {
            controller = IController(_controller);
        }

        emit ControllerSet(_controller);
    }

    /**
     * @notice the controller can utilize all available stored funds
     * @param _keeper keeper address
     */
    function setKeeper(address _keeper) external override onlyOwner {
        if (keeper != _keeper) {
            keeper = _keeper;
        }
    }
}
.
To complete the task,  you must write a response that appropriately solves the requested instruction based on your expertise and customer's needs.]

Given the user's task and the brainstorming ideas provided:
Task: ""pragma solidity 0.8.7;

/**
 * @author InsureDAO
 * @title InsureDAO vault contract
 * @notice
 * SPDX-License-Identifier: GPL-3.0
 */
import ""@openzeppelin/contracts/token/ERC20/IERC20.sol"";
import ""@openzeppelin/contracts/token/ERC20/utils/SafeERC20.sol"";

import ""./interfaces/IOwnership.sol"";
import ""./interfaces/IVault.sol"";

import ""./interfaces/IController.sol"";
import ""./interfaces/IRegistry.sol"";

contract Vault is IVault {
    using SafeERC20 for IERC20;

    /**
     * Storage
     */

    address public override token;
    IController public controller;
    IRegistry public registry;
    IOwnership public ownership;

    mapping(address => uint256) public override debts;
    mapping(address => uint256) public attributions;
    uint256 public totalAttributions;

    address public keeper; //keeper can operate utilize(), if address zero, anyone can operate.
    uint256 public balance; //balance of underlying token
    uint256 public totalDebt; //total debt balance. 1debt:1token

    uint256 public constant MAGIC_SCALE_1E6 = 1e6; //internal multiplication scale 1e6 to reduce decimal truncation



    event ControllerSet(address controller);

    modifier onlyOwner() {
        require(
            ownership.owner() == msg.sender,
            ""Restricted: caller is not allowed to operate""
        );
        _;
    }

    modifier onlyMarket() {
        require(
            IRegistry(registry).isListed(msg.sender),
            ""ERROR_ONLY_MARKET""
        );
        _;
    }

    constructor(
        address _token,
        address _registry,
        address _controller,
        address _ownership
    ) {
        require(_token != address(0));
        require(_registry != address(0));
        require(_ownership != address(0));
        //controller can be zero

        token = _token;
        registry = IRegistry(_registry);
        controller = IController(_controller);
        ownership = IOwnership(_ownership);
    }

    /**
     * Vault Functions
     */

    /**
     * @notice A market contract can deposit collateral and get attribution point in return
     * @param  _amount amount of tokens to deposit
     * @param _from sender's address
     * @param _beneficiaries beneficiary's address array
     * @param _shares funds share within beneficiaries (100% = 1e6)
     * @return _allocations attribution amount generated from the transaction
     */
    function addValueBatch(
        uint256 _amount,
        address _from,
        address[2] memory _beneficiaries,
        uint256[2] memory _shares
    ) external override onlyMarket returns (uint256[2] memory _allocations) {
        
        require(_shares[0] + _shares[1] == 1000000, ""ERROR_INCORRECT_SHARE"");

        uint256 _attributions;
        if (totalAttributions == 0) {
            _attributions = _amount;
        } else {
            uint256 _pool = valueAll();
            _attributions = (_amount * totalAttributions) / _pool;
        }
        IERC20(token).safeTransferFrom(_from, address(this), _amount);

        balance += _amount;
        totalAttributions += _attributions;
        for (uint128 i = 0; i < 2; i++) {
            uint256 _allocation = (_shares[i] * _attributions) / MAGIC_SCALE_1E6;
            attributions[_beneficiaries[i]] += _allocation;
            _allocations[i] = _allocation;
        }
    }

    /**
     * @notice A market contract can deposit collateral and get attribution point in return
     * @param  _amount amount of tokens to deposit
     * @param _from sender's address
     * @param _beneficiary beneficiary's address
     * @return _attributions attribution amount generated from the transaction
     */

    function addValue(
        uint256 _amount,
        address _from,
        address _beneficiary
    ) external override onlyMarket returns (uint256 _attributions) {

        if (totalAttributions == 0) {
            _attributions = _amount;
        } else {
            uint256 _pool = valueAll();
            _attributions = (_amount * totalAttributions) / _pool;
        }
        IERC20(token).safeTransferFrom(_from, address(this), _amount);
        balance += _amount;
        totalAttributions += _attributions;
        attributions[_beneficiary] += _attributions;
    }

    /**
     * @notice an address that has balance in the vault can withdraw underlying value
     * @param _amount amount of tokens to withdraw
     * @param _to address to get underlying tokens
     * @return _attributions amount of attributions burnet
     */
    function withdrawValue(uint256 _amount, address _to)
        external
        override
        returns (uint256 _attributions)
    {
        require(
            attributions[msg.sender] > 0 &&
                underlyingValue(msg.sender) >= _amount,
            ""ERROR_WITHDRAW-VALUE_BADCONDITOONS""
        );
        _attributions = (totalAttributions * _amount) / valueAll();

        attributions[msg.sender] -= _attributions;
        totalAttributions -= _attributions;

        if (available() < _amount) {
            //when USDC in this contract isn't enough
            uint256 _shortage = _amount - available();
            _unutilize(_shortage);

            assert(available() >= _amount);
        }

        balance -= _amount;
        IERC20(token).safeTransfer(_to, _amount);
    }

    /**
     * @notice an address that has balance in the vault can transfer underlying value
     * @param _amount sender of value
     * @param _destination reciepient of value
     */

    function transferValue(uint256 _amount, address _destination)
        external
        override
        returns (uint256 _attributions)
    {
        require(
            attributions[msg.sender] > 0 &&
                underlyingValue(msg.sender) >= _amount,
            ""ERROR_TRANSFER-VALUE_BADCONDITOONS""
        );
        _attributions = (_amount * totalAttributions) / valueAll();
        attributions[msg.sender] -= _attributions;
        attributions[_destination] += _attributions;
    }

    /**
     * @notice a registered contract can borrow balance from the vault
     * @param _amount borrow amount
     * @param _to borrower's address
     */
    function borrowValue(uint256 _amount, address _to) external onlyMarket override {
        debts[msg.sender] += _amount;
        totalDebt += _amount;

        IERC20(token).safeTransfer(_to, _amount);
    }

    /**
     * @notice an address that has balance in the vault can offset an address's debt
     * @param _amount debt amount to offset
     * @param _target borrower's address
     */

    function offsetDebt(uint256 _amount, address _target)
        external
        override
        returns (uint256 _attributions)
    {
        require(
            attributions[msg.sender] > 0 &&
                underlyingValue(msg.sender) >= _amount,
            ""ERROR_REPAY_DEBT_BADCONDITOONS""
        );
        _attributions = (_amount * totalAttributions) / valueAll();
        attributions[msg.sender] -= _attributions;
        totalAttributions -= _attributions;
        balance -= _amount;
        debts[_target] -= _amount;
        totalDebt -= _amount;
    }

    /**
     * @notice a registerd market can transfer their debt to system debt
     * @param _amount debt amount to transfer
     * @dev will be called when CDS could not afford when resume the market.
     */
    function transferDebt(uint256 _amount) external onlyMarket override {

        if(_amount != 0){
            debts[msg.sender] -= _amount;
            debts[address(0)] += _amount;
        }
    }

    /**
     * @notice anyone can repay the system debt by sending tokens to this contract
     * @param _amount debt amount to repay
     * @param _target borrower's address
     */
    function repayDebt(uint256 _amount, address _target) external override {
        uint256 _debt = debts[_target];
        if (_debt >= _amount) {
            debts[_target] -= _amount;
            totalDebt -= _amount;
            IERC20(token).safeTransferFrom(msg.sender, address(this), _amount);
        } else {
            debts[_target] = 0;
            totalDebt -= _debt;
            IERC20(token).safeTransferFrom(msg.sender, address(this), _debt);
        }
    }

    /**
     * @notice an address that has balance in the vault can withdraw value denominated in attribution
     * @param _attribution amount of attribution to burn
     * @param _to beneficiary's address
     * @return _retVal number of tokens withdrawn from the transaction
     */
    function withdrawAttribution(uint256 _attribution, address _to)
        external
        override
        returns (uint256 _retVal)
    {
        _retVal = _withdrawAttribution(_attribution, _to);
    }

    /**
     * @notice an address that has balance in the vault can withdraw all value
     * @param _to beneficiary's address
     * @return _retVal number of tokens withdrawn from the transaction
     */
    function withdrawAllAttribution(address _to)
        external
        override
        returns (uint256 _retVal)
    {
        _retVal = _withdrawAttribution(attributions[msg.sender], _to);
    }

    /**
     * @notice an address that has balance in the vault can withdraw all value
     * @param _attribution amount of attribution to burn
     * @param _to beneficiary's address
     * @return _retVal number of tokens withdrawn from the transaction
     */
    function _withdrawAttribution(uint256 _attribution, address _to)
        internal
        returns (uint256 _retVal)
    {
        require(
            attributions[msg.sender] >= _attribution,
            ""ERROR_WITHDRAW-ATTRIBUTION_BADCONDITOONS""
        );
        _retVal = (_attribution * valueAll()) / totalAttributions;

        attributions[msg.sender] -= _attribution;
        totalAttributions -= _attribution;

        if (available() < _retVal) {
            uint256 _shortage = _retVal - available();
            _unutilize(_shortage);
        }

        balance -= _retVal;
        IERC20(token).safeTransfer(_to, _retVal);
    }

    /**
     * @notice an address that has balance in the vault can transfer value denominated in attribution
     * @param _amount amount of attribution to transfer
     * @param _destination reciepient of attribution
     */
    function transferAttribution(uint256 _amount, address _destination)
        external
        override
    {
        require(_destination != address(0), ""ERROR_ZERO_ADDRESS"");

        require(
            _amount != 0 && attributions[msg.sender] >= _amount,
            ""ERROR_TRANSFER-ATTRIBUTION_BADCONDITOONS""
        );

        attributions[msg.sender] -= _amount;
        attributions[_destination] += _amount;
    }

    /**
     * @notice the controller can utilize all available stored funds
     * @return _amount amount of tokens utilized
     */
    function utilize() external override returns (uint256 _amount) {
        if (keeper != address(0)) {
            require(msg.sender == keeper, ""ERROR_NOT_KEEPER"");
        }
        _amount = available(); //balance
        if (_amount > 0) {
            IERC20(token).safeTransfer(address(controller), _amount);
            balance -= _amount;
            controller.earn(address(token), _amount);
        }
    }

    /**
     * @notice get attribution number for the specified address
     * @param _target target address
     * @return amount of attritbution
     */

    function attributionOf(address _target)
        external
        view
        override
        returns (uint256)
    {
        return attributions[_target];
    }

    /**
     * @notice get all attribution number for this contract
     * @return amount of all attribution
     */
    function attributionAll() external view returns (uint256) {
        return totalAttributions;
    }

    /**
     * @notice Convert attribution number into underlying assset value
     * @param _attribution amount of attribution
     * @return token value of input attribution
     */
    function attributionValue(uint256 _attribution)
        external
        view
        override
        returns (uint256)
    {
        if (totalAttributions > 0 && _attribution > 0) {
            return (_attribution * valueAll()) / totalAttributions;
        } else {
            return 0;
        }
    }

    /**
     * @notice return underlying value of the specified address
     * @param _target target address
     * @return token value of target address
     */
    function underlyingValue(address _target)
        public
        view
        override
        returns (uint256)
    {
        if (attributions[_target] > 0) {
            return (valueAll() * attributions[_target]) / totalAttributions;
        } else {
            return 0;
        }
    }

    /**
     * @notice return underlying value of this contract
     * @return all token value of the vault
     */
    function valueAll() public view returns (uint256) {
        if (address(controller) != address(0)) {
            return balance + controller.valueAll();
        } else {
            return balance;
        }
    }

    /**
     * @notice internal function to unutilize the funds and keep utilization rate
     * @param _amount amount to withdraw from controller
     */
    function _unutilize(uint256 _amount) internal {
        require(address(controller) != address(0), ""ERROR_CONTROLLER_NOT_SET"");

        controller.withdraw(address(this), _amount);
        balance += _amount;
    }

    /**
     * @notice return how much funds in this contract is available to be utilized
     * @return available balance to utilize
     */
    function available() public view returns (uint256) {
        return balance - totalDebt;
    }

    /**
     * @notice return how much price for each attribution
     * @return value of one share of attribution
     */
    function getPricePerFullShare() public view returns (uint256) {
        return (valueAll() * MAGIC_SCALE_1E6) / totalAttributions;
    }

    /**
     * onlyOwner
     */

    /**
     * @notice withdraw redundant token stored in this contract
     * @param _token token address
     * @param _to beneficiary's address
     */
    function withdrawRedundant(address _token, address _to)
        external
        override
        onlyOwner
    {
        if (
            _token == address(token) &&
            balance < IERC20(token).balanceOf(address(this))
        ) {
            uint256 _redundant = IERC20(token).balanceOf(address(this)) -
                balance;
            IERC20(token).safeTransfer(_to, _redundant);
        } else if (IERC20(_token).balanceOf(address(this)) > 0) {
            IERC20(_token).safeTransfer(
                _to,
                IERC20(_token).balanceOf(address(this))
            );
        }
    }

    /**
     * @notice admin function to set controller address
     * @param _controller address of the controller
     */
    function setController(address _controller) public override onlyOwner {
        require(_controller != address(0), ""ERROR_ZERO_ADDRESS"");

        if (address(controller) != address(0)) {
            controller.migrate(address(_controller));
            controller = IController(_controller);
        } else {
            controller = IController(_controller);
        }

        emit ControllerSet(_controller);
    }

    /**
     * @notice the controller can utilize all available stored funds
     * @param _keeper keeper address
     */
    function setKeeper(address _keeper) external override onlyOwner {
        if (keeper != _keeper) {
            keeper = _keeper;
        }
    }
}
"".
Ideas: "" Lack of Authorization Identified.

```
VULNERABILITY NAME: Lack of Access Control on Sensitive Functions
'''
The contract contains several functions that modify the state of the contract or perform sensitive operations without appropriate access control mechanisms. Specifically, the following functions are accessible to any user:
- `borrowValue(uint256 _amount, address _to)`: This function allows any market contract to borrow funds from the vault without any restrictions on the amount or the borrower.
- `repayDebt(uint256 _amount, address _target)`: This function allows anyone to repay the debt of any user by specifying the target address, which could lead to unauthorized debt repayments.
- `transferDebt(uint256 _amount)`: This function allows any registered market to transfer their debt to the system debt without any checks on the amount or the market's authorization.

Recommended Mitigation/Fix: Implement appropriate access control mechanisms for these functions. For example, restrict the `borrowValue` function to only allow the owner or a specific role to borrow funds. Similarly, ensure that the `repayDebt` function can only be called by the target user or an authorized entity. Consider using role-based access control (RBAC) or similar patterns to enforce these restrictions.
'''
```"".
As the Security Analyst, your primary objective is to perform a thorough and detailed inspection of the provided contract code, with a particular focus on identifying vulnerabilities related to Potential Data Inconsistency. This type of vulnerability occurs when data may become inconsistent due to incorrect assumptions about how data is stored, accessed, or modified.
Proceed with the following steps in your analysis:
1. Scrutinize the contract's code to identify any assumptions made about the behavior of storage and memory when handling data.
2. Look for patterns where data is copied from storage to memory, or vice versa, and determine if these operations are performed correctly.
3. Identify any functions or segments of code where temporary copies of data are made, and assess whether these copies are used appropriately without causing unintended modifications to the original data.
4. Evaluate the overall logic of data manipulation within the contract to ensure that all operations maintain consistency and integrity of the stored data.
If you discover any Potential Data Inconsistency vulnerabilities, respond with: ""","<INFO> Potential Data Inconsistency Identified.
```
VULNERABILITY NAME: Potential Data Inconsistency in Attribution Calculations
'''
The contract contains several functions that manipulate the `attributions` mapping and the `totalAttributions` variable. Specifically, the calculations for attributions in functions such as `addValueBatch`, `addValue`, `withdrawValue`, and others rely on the assumption that the `totalAttributions` variable accurately reflects the total attribution points generated. However, if any of these functions fail or revert after modifying the state (e.g., due to insufficient balance or incorrect shares), the state may become inconsistent, leading to discrepancies in the attribution calculations.

Additionally, the use of the `available()` function in the `withdrawValue` and `_withdrawAttribution` functions assumes that the balance minus total debt will always yield a non-negative value. If the debt is incorrectly managed or manipulated, this could lead to a situation where the contract attempts to withdraw more than it has available, resulting in inconsistent state.

Recommended Mitigation/Fix: Implement checks to ensure that all state changes are atomic and that the contract maintains a consistent state. Use the `require` statements to validate conditions before making state changes, and consider using a pattern that reverts all changes if any part of the transaction fails. Additionally, ensure that the logic for managing debts and attributions is thoroughly tested to prevent inconsistencies.
'''
```

[2024-10-08 11:56:38 INFO] **[Execute Detail]**

execute SimplePhase:[HashCollisionDetector] in ComposedPhase:[CodeReview], cycle 1

[2024-10-08 11:56:39 INFO] System: **[chatting]**

| Parameter | Value |
| --- | --- |
| **task_prompt** | pragma solidity 0.8.7; /*  * @author InsureDAO  * @title InsureDAO vault contract  * @notice  * SPDX-License-Identifier: GPL-3.0  / import ""@openzeppelin/contracts/token/ERC20/IERC20.sol""; import ""@openzeppelin/contracts/token/ERC20/utils/SafeERC20.sol""; import ""./interfaces/IOwnership.sol""; import ""./interfaces/IVault.sol""; import ""./interfaces/IController.sol""; import ""./interfaces/IRegistry.sol""; contract Vault is IVault {     using SafeERC20 for IERC20; /**  * Storage  */  address public override token; IController public controller; IRegistry public registry; IOwnership public ownership;  mapping(address =&gt; uint256) public override debts; mapping(address =&gt; uint256) public attributions; uint256 public totalAttributions;  address public keeper; //keeper can operate utilize(), if address zero, anyone can operate. uint256 public balance; //balance of underlying token uint256 public totalDebt; //total debt balance. 1debt:1token  uint256 public constant MAGIC_SCALE_1E6 = 1e6; //internal multiplication scale 1e6 to reduce decimal truncation    event ControllerSet(address controller);  modifier onlyOwner() {     require(         ownership.owner() == msg.sender,         ""Restricted: caller is not allowed to operate""     );     _; }  modifier onlyMarket() {     require(         IRegistry(registry).isListed(msg.sender),         ""ERROR_ONLY_MARKET""     );     _; }  constructor(     address _token,     address _registry,     address _controller,     address _ownership ) {     require(_token != address(0));     require(_registry != address(0));     require(_ownership != address(0));     //controller can be zero      token = _token;     registry = IRegistry(_registry);     controller = IController(_controller);     ownership = IOwnership(_ownership); }  /**  * Vault Functions  */  /**  * @notice A market contract can deposit collateral and get attribution point in return  * @param  _amount amount of tokens to deposit  * @param _from sender's address  * @param _beneficiaries beneficiary's address array  * @param _shares funds share within beneficiaries (100% = 1e6)  * @return _allocations attribution amount generated from the transaction  */ function addValueBatch(     uint256 _amount,     address _from,     address[2] memory _beneficiaries,     uint256[2] memory _shares ) external override onlyMarket returns (uint256[2] memory _allocations) {      require(_shares[0] + _shares[1] == 1000000, ""ERROR_INCORRECT_SHARE"");      uint256 _attributions;     if (totalAttributions == 0) {         _attributions = _amount;     } else {         uint256 _pool = valueAll();         _attributions = (_amount * totalAttributions) / _pool;     }     IERC20(token).safeTransferFrom(_from, address(this), _amount);      balance += _amount;     totalAttributions += _attributions;     for (uint128 i = 0; i &lt; 2; i++) {         uint256 _allocation = (_shares[i] * _attributions) / MAGIC_SCALE_1E6;         attributions[_beneficiaries[i]] += _allocation;         _allocations[i] = _allocation;     } }  /**  * @notice A market contract can deposit collateral and get attribution point in return  * @param  _amount amount of tokens to deposit  * @param _from sender's address  * @param _beneficiary beneficiary's address  * @return _attributions attribution amount generated from the transaction  */  function addValue(     uint256 _amount,     address _from,     address _beneficiary ) external override onlyMarket returns (uint256 _attributions) {      if (totalAttributions == 0) {         _attributions = _amount;     } else {         uint256 _pool = valueAll();         _attributions = (_amount * totalAttributions) / _pool;     }     IERC20(token).safeTransferFrom(_from, address(this), _amount);     balance += _amount;     totalAttributions += _attributions;     attributions[_beneficiary] += _attributions; }  /**  * @notice an address that has balance in the vault can withdraw underlying value  * @param _amount amount of tokens to withdraw  * @param _to address to get underlying tokens  * @return _attributions amount of attributions burnet  */ function withdrawValue(uint256 _amount, address _to)     external     override     returns (uint256 _attributions) {     require(         attributions[msg.sender] &gt; 0 &amp;&amp;             underlyingValue(msg.sender) &gt;= _amount,         ""ERROR_WITHDRAW-VALUE_BADCONDITOONS""     );     _attributions = (totalAttributions * _amount) / valueAll();      attributions[msg.sender] -= _attributions;     totalAttributions -= _attributions;      if (available() &lt; _amount) {         //when USDC in this contract isn't enough         uint256 _shortage = _amount - available();         _unutilize(_shortage);          assert(available() &gt;= _amount);     }      balance -= _amount;     IERC20(token).safeTransfer(_to, _amount); }  /**  * @notice an address that has balance in the vault can transfer underlying value  * @param _amount sender of value  * @param _destination reciepient of value  */  function transferValue(uint256 _amount, address _destination)     external     override     returns (uint256 _attributions) {     require(         attributions[msg.sender] &gt; 0 &amp;&amp;             underlyingValue(msg.sender) &gt;= _amount,         ""ERROR_TRANSFER-VALUE_BADCONDITOONS""     );     _attributions = (_amount * totalAttributions) / valueAll();     attributions[msg.sender] -= _attributions;     attributions[_destination] += _attributions; }  /**  * @notice a registered contract can borrow balance from the vault  * @param _amount borrow amount  * @param _to borrower's address  */ function borrowValue(uint256 _amount, address _to) external onlyMarket override {     debts[msg.sender] += _amount;     totalDebt += _amount;      IERC20(token).safeTransfer(_to, _amount); }  /**  * @notice an address that has balance in the vault can offset an address's debt  * @param _amount debt amount to offset  * @param _target borrower's address  */  function offsetDebt(uint256 _amount, address _target)     external     override     returns (uint256 _attributions) {     require(         attributions[msg.sender] &gt; 0 &amp;&amp;             underlyingValue(msg.sender) &gt;= _amount,         ""ERROR_REPAY_DEBT_BADCONDITOONS""     );     _attributions = (_amount * totalAttributions) / valueAll();     attributions[msg.sender] -= _attributions;     totalAttributions -= _attributions;     balance -= _amount;     debts[_target] -= _amount;     totalDebt -= _amount; }  /**  * @notice a registerd market can transfer their debt to system debt  * @param _amount debt amount to transfer  * @dev will be called when CDS could not afford when resume the market.  */ function transferDebt(uint256 _amount) external onlyMarket override {      if(_amount != 0){         debts[msg.sender] -= _amount;         debts[address(0)] += _amount;     } }  /**  * @notice anyone can repay the system debt by sending tokens to this contract  * @param _amount debt amount to repay  * @param _target borrower's address  */ function repayDebt(uint256 _amount, address _target) external override {     uint256 _debt = debts[_target];     if (_debt &gt;= _amount) {         debts[_target] -= _amount;         totalDebt -= _amount;         IERC20(token).safeTransferFrom(msg.sender, address(this), _amount);     } else {         debts[_target] = 0;         totalDebt -= _debt;         IERC20(token).safeTransferFrom(msg.sender, address(this), _debt);     } }  /**  * @notice an address that has balance in the vault can withdraw value denominated in attribution  * @param _attribution amount of attribution to burn  * @param _to beneficiary's address  * @return _retVal number of tokens withdrawn from the transaction  */ function withdrawAttribution(uint256 _attribution, address _to)     external     override     returns (uint256 _retVal) {     _retVal = _withdrawAttribution(_attribution, _to); }  /**  * @notice an address that has balance in the vault can withdraw all value  * @param _to beneficiary's address  * @return _retVal number of tokens withdrawn from the transaction  */ function withdrawAllAttribution(address _to)     external     override     returns (uint256 _retVal) {     _retVal = _withdrawAttribution(attributions[msg.sender], _to); }  /**  * @notice an address that has balance in the vault can withdraw all value  * @param _attribution amount of attribution to burn  * @param _to beneficiary's address  * @return _retVal number of tokens withdrawn from the transaction  */ function _withdrawAttribution(uint256 _attribution, address _to)     internal     returns (uint256 _retVal) {     require(         attributions[msg.sender] &gt;= _attribution,         ""ERROR_WITHDRAW-ATTRIBUTION_BADCONDITOONS""     );     _retVal = (_attribution * valueAll()) / totalAttributions;      attributions[msg.sender] -= _attribution;     totalAttributions -= _attribution;      if (available() &lt; _retVal) {         uint256 _shortage = _retVal - available();         _unutilize(_shortage);     }      balance -= _retVal;     IERC20(token).safeTransfer(_to, _retVal); }  /**  * @notice an address that has balance in the vault can transfer value denominated in attribution  * @param _amount amount of attribution to transfer  * @param _destination reciepient of attribution  */ function transferAttribution(uint256 _amount, address _destination)     external     override {     require(_destination != address(0), ""ERROR_ZERO_ADDRESS"");      require(         _amount != 0 &amp;&amp; attributions[msg.sender] &gt;= _amount,         ""ERROR_TRANSFER-ATTRIBUTION_BADCONDITOONS""     );      attributions[msg.sender] -= _amount;     attributions[_destination] += _amount; }  /**  * @notice the controller can utilize all available stored funds  * @return _amount amount of tokens utilized  */ function utilize() external override returns (uint256 _amount) {     if (keeper != address(0)) {         require(msg.sender == keeper, ""ERROR_NOT_KEEPER"");     }     _amount = available(); //balance     if (_amount &gt; 0) {         IERC20(token).safeTransfer(address(controller), _amount);         balance -= _amount;         controller.earn(address(token), _amount);     } }  /**  * @notice get attribution number for the specified address  * @param _target target address  * @return amount of attritbution  */  function attributionOf(address _target)     external     view     override     returns (uint256) {     return attributions[_target]; }  /**  * @notice get all attribution number for this contract  * @return amount of all attribution  */ function attributionAll() external view returns (uint256) {     return totalAttributions; }  /**  * @notice Convert attribution number into underlying assset value  * @param _attribution amount of attribution  * @return token value of input attribution  */ function attributionValue(uint256 _attribution)     external     view     override     returns (uint256) {     if (totalAttributions &gt; 0 &amp;&amp; _attribution &gt; 0) {         return (_attribution * valueAll()) / totalAttributions;     } else {         return 0;     } }  /**  * @notice return underlying value of the specified address  * @param _target target address  * @return token value of target address  */ function underlyingValue(address _target)     public     view     override     returns (uint256) {     if (attributions[_target] &gt; 0) {         return (valueAll() * attributions[_target]) / totalAttributions;     } else {         return 0;     } }  /**  * @notice return underlying value of this contract  * @return all token value of the vault  */ function valueAll() public view returns (uint256) {     if (address(controller) != address(0)) {         return balance + controller.valueAll();     } else {         return balance;     } }  /**  * @notice internal function to unutilize the funds and keep utilization rate  * @param _amount amount to withdraw from controller  */ function _unutilize(uint256 _amount) internal {     require(address(controller) != address(0), ""ERROR_CONTROLLER_NOT_SET"");      controller.withdraw(address(this), _amount);     balance += _amount; }  /**  * @notice return how much funds in this contract is available to be utilized  * @return available balance to utilize  */ function available() public view returns (uint256) {     return balance - totalDebt; }  /**  * @notice return how much price for each attribution  * @return value of one share of attribution  */ function getPricePerFullShare() public view returns (uint256) {     return (valueAll() * MAGIC_SCALE_1E6) / totalAttributions; }  /**  * onlyOwner  */  /**  * @notice withdraw redundant token stored in this contract  * @param _token token address  * @param _to beneficiary's address  */ function withdrawRedundant(address _token, address _to)     external     override     onlyOwner {     if (         _token == address(token) &amp;&amp;         balance &lt; IERC20(token).balanceOf(address(this))     ) {         uint256 _redundant = IERC20(token).balanceOf(address(this)) -             balance;         IERC20(token).safeTransfer(_to, _redundant);     } else if (IERC20(_token).balanceOf(address(this)) &gt; 0) {         IERC20(_token).safeTransfer(             _to,             IERC20(_token).balanceOf(address(this))         );     } }  /**  * @notice admin function to set controller address  * @param _controller address of the controller  */ function setController(address _controller) public override onlyOwner {     require(_controller != address(0), ""ERROR_ZERO_ADDRESS"");      if (address(controller) != address(0)) {         controller.migrate(address(_controller));         controller = IController(_controller);     } else {         controller = IController(_controller);     }      emit ControllerSet(_controller); }  /**  * @notice the controller can utilize all available stored funds  * @param _keeper keeper address  */ function setKeeper(address _keeper) external override onlyOwner {     if (keeper != _keeper) {         keeper = _keeper;     } }  } |
| **need_reflect** | False |
| **assistant_role_name** | Security Analyst |
| **user_role_name** | Solidity Programming Expert |
| **phase_prompt** | Given the user's task and the brainstorming ideas provided: Task: ""{task}"". Ideas: ""{ideas}"". As the {assistant_role}, your primary objective is to perform a thorough and detailed inspection of the provided contract code, with a particular focus on identifying vulnerabilities related to Hash Collision. This type of vulnerability occurs when different inputs produce the same hash due to improper handling of concatenated values, leading to potential security issues. Proceed with the following steps in your analysis: 1. Scrutinize the contract's code to identify any functions that generate hashes from input values. 2. Look for patterns where multiple input values are concatenated without clear delimiters before hashing. Pay special attention to the use of abi.encodePacked for concatenation. 3. Determine if the concatenated inputs can produce the same hash for different combinations of input values, leading to potential hash collisions. 4. Evaluate the logic for generating and handling hashes within the contract to ensure that the potential for hash collisions is minimized. If you discover any Hash Collision vulnerabilities, respond with: "" Hash Collision Identified."" For each vulnerability identified, use the following format: VULNERABILITY NAME or TYPE ''' DETAILED DESCRIPTION of the vulnerability, AND recommended mitigation/fix with no upgrade code ''' If NO Hash Collision vulnerabilities are found, respond only with: "" NO Hash Collision."" |
| **phase_name** | HashCollisionDetector |
| **assistant_role_prompt** | {chatdev_prompt} You are Security Analyst. Now, we are both working at ChatDev and share a common interest in collaborating to successfully execute a marketing strategy for a new customer. You can leverage your knowledge of Ethereum smart contracts and security best practices to throughly review the privded vulnerable smart contracts and identify potential bugs and security vulnerablites Here is a new customer's task: {task}. To complete the task,  you must write a response that appropriately solves the requested instruction based on your expertise and customer's needs. |
| **user_role_prompt** | {chatdev_prompt} You are Solidity Programming Expert. Now, we are both working at ChatDev and share a common interest in collaborating to successfully execute a marketing strategy for a new customer. You can analyze the code structure, logic, and implementation details of the contracts. You have extensive computing and coding experience in Solidity programming language. Here is a new customer's task: {task}. To complete the task,  you must write a response that appropriately solves the requested instruction based on your expertise and customer's needs. |
| **chat_turn_limit** | 1 |
| **placeholders** | {'cycle_num': 1, 'modification_conclusion': '', 'cycle_index': 1, 'task': 'pragma solidity 0.8.7;\n\n/\n * @author InsureDAO\n * @title InsureDAO vault contract\n * @notice\n * SPDX-License-Identifier: GPL-3.0\n */\nimport ""@openzeppelin/contracts/token/ERC20/IERC20.sol"";\nimport ""@openzeppelin/contracts/token/ERC20/utils/SafeERC20.sol"";\n\nimport ""./interfaces/IOwnership.sol"";\nimport ""./interfaces/IVault.sol"";\n\nimport ""./interfaces/IController.sol"";\nimport ""./interfaces/IRegistry.sol"";\n\ncontract Vault is IVault {\n    using SafeERC20 for IERC20;\n\n    /\n     * Storage\n     /\n\n    address public override token;\n    IController public controller;\n    IRegistry public registry;\n    IOwnership public ownership;\n\n    mapping(address =&gt; uint256) public override debts;\n    mapping(address =&gt; uint256) public attributions;\n    uint256 public totalAttributions;\n\n    address public keeper; //keeper can operate utilize(), if address zero, anyone can operate.\n    uint256 public balance; //balance of underlying token\n    uint256 public totalDebt; //total debt balance. 1debt:1token\n\n    uint256 public constant MAGIC_SCALE_1E6 = 1e6; //internal multiplication scale 1e6 to reduce decimal truncation\n\n\n\n    event ControllerSet(address controller);\n\n    modifier onlyOwner() {\n        require(\n            ownership.owner() == msg.sender,\n            ""Restricted: caller is not allowed to operate""\n        );\n        ;\n    }\n\n    modifier onlyMarket() {\n        require(\n            IRegistry(registry).isListed(msg.sender),\n            ""ERROR_ONLY_MARKET""\n        );\n        ;\n    }\n\n    constructor(\n        address _token,\n        address _registry,\n        address _controller,\n        address _ownership\n    ) {\n        require(_token != address(0));\n        require(_registry != address(0));\n        require(_ownership != address(0));\n        //controller can be zero\n\n        token = _token;\n        registry = IRegistry(_registry);\n        controller = IController(_controller);\n        ownership = IOwnership(_ownership);\n    }\n\n    /\n     * Vault Functions\n     /\n\n    /\n     * @notice A market contract can deposit collateral and get attribution point in return\n     * @param  _amount amount of tokens to deposit\n     * @param _from sender\'s address\n     * @param _beneficiaries beneficiary\'s address array\n     * @param _shares funds share within beneficiaries (100% = 1e6)\n     * @return _allocations attribution amount generated from the transaction\n     */\n    function addValueBatch(\n        uint256 _amount,\n        address _from,\n        address[2] memory _beneficiaries,\n        uint256[2] memory _shares\n    ) external override onlyMarket returns (uint256[2] memory _allocations) {\n        \n        require(_shares[0] + _shares[1] == 1000000, ""ERROR_INCORRECT_SHARE"");\n\n        uint256 _attributions;\n        if (totalAttributions == 0) {\n            _attributions = _amount;\n        } else {\n            uint256 _pool = valueAll();\n            _attributions = (_amount * totalAttributions) / _pool;\n        }\n        IERC20(token).safeTransferFrom(_from, address(this), _amount);\n\n        balance += _amount;\n        totalAttributions += _attributions;\n        for (uint128 i = 0; i &lt; 2; i++) {\n            uint256 _allocation = (_shares[i] * _attributions) / MAGIC_SCALE_1E6;\n            attributions[_beneficiaries[i]] += _allocation;\n            _allocations[i] = _allocation;\n        }\n    }\n\n    /\n     * @notice A market contract can deposit collateral and get attribution point in return\n     * @param  _amount amount of tokens to deposit\n     * @param _from sender\'s address\n     * @param _beneficiary beneficiary\'s address\n     * @return _attributions attribution amount generated from the transaction\n     /\n\n    function addValue(\n        uint256 _amount,\n        address _from,\n        address _beneficiary\n    ) external override onlyMarket returns (uint256 _attributions) {\n\n        if (totalAttributions == 0) {\n            _attributions = _amount;\n        } else {\n            uint256 _pool = valueAll();\n            _attributions = (_amount * totalAttributions) / _pool;\n        }\n        IERC20(token).safeTransferFrom(_from, address(this), _amount);\n        balance += _amount;\n        totalAttributions += _attributions;\n        attributions[_beneficiary] += _attributions;\n    }\n\n    /\n     * @notice an address that has balance in the vault can withdraw underlying value\n     * @param _amount amount of tokens to withdraw\n     * @param _to address to get underlying tokens\n     * @return _attributions amount of attributions burnet\n     /\n    function withdrawValue(uint256 _amount, address _to)\n        external\n        override\n        returns (uint256 _attributions)\n    {\n        require(\n            attributions[msg.sender] &gt; 0 &amp;&amp;\n                underlyingValue(msg.sender) &gt;= _amount,\n            ""ERROR_WITHDRAW-VALUE_BADCONDITOONS""\n        );\n        _attributions = (totalAttributions * _amount) / valueAll();\n\n        attributions[msg.sender] -= _attributions;\n        totalAttributions -= _attributions;\n\n        if (available() &lt; _amount) {\n            //when USDC in this contract isn\'t enough\n            uint256 _shortage = _amount - available();\n            _unutilize(_shortage);\n\n            assert(available() &gt;= _amount);\n        }\n\n        balance -= _amount;\n        IERC20(token).safeTransfer(_to, _amount);\n    }\n\n    /\n     * @notice an address that has balance in the vault can transfer underlying value\n     * @param _amount sender of value\n     * @param _destination reciepient of value\n     */\n\n    function transferValue(uint256 _amount, address _destination)\n        external\n        override\n        returns (uint256 _attributions)\n    {\n        require(\n            attributions[msg.sender] &gt; 0 &amp;&amp;\n                underlyingValue(msg.sender) &gt;= _amount,\n            ""ERROR_TRANSFER-VALUE_BADCONDITOONS""\n        );\n        _attributions = (_amount * totalAttributions) / valueAll();\n        attributions[msg.sender] -= _attributions;\n        attributions[_destination] += _attributions;\n    }\n\n    /\n     * @notice a registered contract can borrow balance from the vault\n     * @param _amount borrow amount\n     * @param _to borrower\'s address\n     /\n    function borrowValue(uint256 _amount, address _to) external onlyMarket override {\n        debts[msg.sender] += _amount;\n        totalDebt += _amount;\n\n        IERC20(token).safeTransfer(_to, _amount);\n    }\n\n    /\n     * @notice an address that has balance in the vault can offset an address\'s debt\n     * @param _amount debt amount to offset\n     * @param _target borrower\'s address\n     /\n\n    function offsetDebt(uint256 _amount, address _target)\n        external\n        override\n        returns (uint256 _attributions)\n    {\n        require(\n            attributions[msg.sender] &gt; 0 &amp;&amp;\n                underlyingValue(msg.sender) &gt;= _amount,\n            ""ERROR_REPAY_DEBT_BADCONDITOONS""\n        );\n        _attributions = (_amount * totalAttributions) / valueAll();\n        attributions[msg.sender] -= _attributions;\n        totalAttributions -= _attributions;\n        balance -= _amount;\n        debts[_target] -= _amount;\n        totalDebt -= _amount;\n    }\n\n    /\n     * @notice a registerd market can transfer their debt to system debt\n     * @param _amount debt amount to transfer\n     * @dev will be called when CDS could not afford when resume the market.\n     */\n    function transferDebt(uint256 _amount) external onlyMarket override {\n\n        if(_amount != 0){\n            debts[msg.sender] -= _amount;\n            debts[address(0)] += _amount;\n        }\n    }\n\n    /\n     * @notice anyone can repay the system debt by sending tokens to this contract\n     * @param _amount debt amount to repay\n     * @param _target borrower\'s address\n     /\n    function repayDebt(uint256 _amount, address _target) external override {\n        uint256 _debt = debts[_target];\n        if (_debt &gt;= _amount) {\n            debts[_target] -= _amount;\n            totalDebt -= _amount;\n            IERC20(token).safeTransferFrom(msg.sender, address(this), _amount);\n        } else {\n            debts[_target] = 0;\n            totalDebt -= _debt;\n            IERC20(token).safeTransferFrom(msg.sender, address(this), _debt);\n        }\n    }\n\n    /\n     * @notice an address that has balance in the vault can withdraw value denominated in attribution\n     * @param _attribution amount of attribution to burn\n     * @param _to beneficiary\'s address\n     * @return _retVal number of tokens withdrawn from the transaction\n     /\n    function withdrawAttribution(uint256 _attribution, address _to)\n        external\n        override\n        returns (uint256 _retVal)\n    {\n        _retVal = _withdrawAttribution(_attribution, _to);\n    }\n\n    /\n     * @notice an address that has balance in the vault can withdraw all value\n     * @param _to beneficiary\'s address\n     * @return _retVal number of tokens withdrawn from the transaction\n     */\n    function withdrawAllAttribution(address _to)\n        external\n        override\n        returns (uint256 _retVal)\n    {\n        _retVal = _withdrawAttribution(attributions[msg.sender], _to);\n    }\n\n    /\n     * @notice an address that has balance in the vault can withdraw all value\n     * @param _attribution amount of attribution to burn\n     * @param _to beneficiary\'s address\n     * @return _retVal number of tokens withdrawn from the transaction\n     /\n    function _withdrawAttribution(uint256 _attribution, address _to)\n        internal\n        returns (uint256 _retVal)\n    {\n        require(\n            attributions[msg.sender] &gt;= _attribution,\n            ""ERROR_WITHDRAW-ATTRIBUTION_BADCONDITOONS""\n        );\n        _retVal = (_attribution * valueAll()) / totalAttributions;\n\n        attributions[msg.sender] -= _attribution;\n        totalAttributions -= _attribution;\n\n        if (available() &lt; _retVal) {\n            uint256 _shortage = _retVal - available();\n            _unutilize(_shortage);\n        }\n\n        balance -= _retVal;\n        IERC20(token).safeTransfer(_to, _retVal);\n    }\n\n    /\n     * @notice an address that has balance in the vault can transfer value denominated in attribution\n     * @param _amount amount of attribution to transfer\n     * @param _destination reciepient of attribution\n     /\n    function transferAttribution(uint256 _amount, address _destination)\n        external\n        override\n    {\n        require(_destination != address(0), ""ERROR_ZERO_ADDRESS"");\n\n        require(\n            _amount != 0 &amp;&amp; attributions[msg.sender] &gt;= _amount,\n            ""ERROR_TRANSFER-ATTRIBUTION_BADCONDITOONS""\n        );\n\n        attributions[msg.sender] -= _amount;\n        attributions[_destination] += _amount;\n    }\n\n    /\n     * @notice the controller can utilize all available stored funds\n     * @return _amount amount of tokens utilized\n     */\n    function utilize() external override returns (uint256 _amount) {\n        if (keeper != address(0)) {\n            require(msg.sender == keeper, ""ERROR_NOT_KEEPER"");\n        }\n        _amount = available(); //balance\n        if (_amount &gt; 0) {\n            IERC20(token).safeTransfer(address(controller), _amount);\n            balance -= _amount;\n            controller.earn(address(token), _amount);\n        }\n    }\n\n    /\n     * @notice get attribution number for the specified address\n     * @param _target target address\n     * @return amount of attritbution\n     /\n\n    function attributionOf(address _target)\n        external\n        view\n        override\n        returns (uint256)\n    {\n        return attributions[_target];\n    }\n\n    /\n     * @notice get all attribution number for this contract\n     * @return amount of all attribution\n     /\n    function attributionAll() external view returns (uint256) {\n        return totalAttributions;\n    }\n\n    /\n     * @notice Convert attribution number into underlying assset value\n     * @param _attribution amount of attribution\n     * @return token value of input attribution\n     */\n    function attributionValue(uint256 _attribution)\n        external\n        view\n        override\n        returns (uint256)\n    {\n        if (totalAttributions &gt; 0 &amp;&amp; _attribution &gt; 0) {\n            return (_attribution * valueAll()) / totalAttributions;\n        } else {\n            return 0;\n        }\n    }\n\n    /\n     * @notice return underlying value of the specified address\n     * @param _target target address\n     * @return token value of target address\n     /\n    function underlyingValue(address _target)\n        public\n        view\n        override\n        returns (uint256)\n    {\n        if (attributions[_target] &gt; 0) {\n            return (valueAll() * attributions[_target]) / totalAttributions;\n        } else {\n            return 0;\n        }\n    }\n\n    /\n     * @notice return underlying value of this contract\n     * @return all token value of the vault\n     /\n    function valueAll() public view returns (uint256) {\n        if (address(controller) != address(0)) {\n            return balance + controller.valueAll();\n        } else {\n            return balance;\n        }\n    }\n\n    /\n     * @notice internal function to unutilize the funds and keep utilization rate\n     * @param _amount amount to withdraw from controller\n     */\n    function _unutilize(uint256 _amount) internal {\n        require(address(controller) != address(0), ""ERROR_CONTROLLER_NOT_SET"");\n\n        controller.withdraw(address(this), _amount);\n        balance += _amount;\n    }\n\n    /\n     * @notice return how much funds in this contract is available to be utilized\n     * @return available balance to utilize\n     /\n    function available() public view returns (uint256) {\n        return balance - totalDebt;\n    }\n\n    /\n     * @notice return how much price for each attribution\n     * @return value of one share of attribution\n     /\n    function getPricePerFullShare() public view returns (uint256) {\n        return (valueAll() * MAGIC_SCALE_1E6) / totalAttributions;\n    }\n\n    /\n     * onlyOwner\n     */\n\n    /\n     * @notice withdraw redundant token stored in this contract\n     * @param _token token address\n     * @param _to beneficiary\'s address\n     /\n    function withdrawRedundant(address _token, address _to)\n        external\n        override\n        onlyOwner\n    {\n        if (\n            _token == address(token) &amp;&amp;\n            balance &lt; IERC20(token).balanceOf(address(this))\n        ) {\n            uint256 _redundant = IERC20(token).balanceOf(address(this)) -\n                balance;\n            IERC20(token).safeTransfer(_to, _redundant);\n        } else if (IERC20(_token).balanceOf(address(this)) &gt; 0) {\n            IERC20(_token).safeTransfer(\n                _to,\n                IERC20(_token).balanceOf(address(this))\n            );\n        }\n    }\n\n    /\n     * @notice admin function to set controller address\n     * @param _controller address of the controller\n     /\n    function setController(address _controller) public override onlyOwner {\n        require(_controller != address(0), ""ERROR_ZERO_ADDRESS"");\n\n        if (address(controller) != address(0)) {\n            controller.migrate(address(_controller));\n            controller = IController(_controller);\n        } else {\n            controller = IController(_controller);\n        }\n\n        emit ControllerSet(_controller);\n    }\n\n    /*\n     * @notice the controller can utilize all available stored funds\n     * @param _keeper keeper address\n     /\n    function setKeeper(address _keeper) external override onlyOwner {\n        if (keeper != _keeper) {\n            keeper = _keeper;\n        }\n    }\n}\n', 'ideas': "" Potential Data Inconsistency Identified.\n\nVULNERABILITY NAME: Potential Data Inconsistency in Attribution Calculations\n'''\nThe contract contains several functions that manipulate the `attributions` mapping and the `totalAttributions` variable. Specifically, the calculations for attributions in functions such as `addValueBatch`, `addValue`, `withdrawValue`, and others rely on the assumption that the `totalAttributions` variable accurately reflects the total attribution points generated. However, if any of these functions fail or revert after modifying the state (e.g., due to insufficient balance or incorrect shares), the state may become inconsistent, leading to discrepancies in the attribution calculations.\n\nAdditionally, the use of the `available()` function in the `withdrawValue` and `_withdrawAttribution` functions assumes that the balance minus total debt will always yield a non-negative value. If the debt is incorrectly managed or manipulated, this could lead to a situation where the contract attempts to withdraw more than it has available, resulting in inconsistent state.\n\nRecommended Mitigation/Fix: Implement checks to ensure that all state changes are atomic and that the contract maintains a consistent state. Use the `require` statements to validate conditions before making state changes, and consider using a pattern that reverts all changes if any part of the transaction fails. Additionally, ensure that the logic for managing debts and attributions is thoroughly tested to prevent inconsistencies.\n'''\n""} |
| **memory** | No existed memory |
| **model_type** | ModelType.GPT_4_O_MINI |

[2024-10-08 11:56:39 INFO] System: **[RolePlaying]**

| Parameter | Value |
| --- | --- |
| **assistant_role_name** | Security Analyst |
| **user_role_name** | Solidity Programming Expert |
| **assistant_role_prompt** | {chatdev_prompt} You are Security Analyst. Now, we are both working at ChatDev and share a common interest in collaborating to successfully execute a marketing strategy for a new customer. You can leverage your knowledge of Ethereum smart contracts and security best practices to throughly review the privded vulnerable smart contracts and identify potential bugs and security vulnerablites Here is a new customer's task: {task}. To complete the task,  you must write a response that appropriately solves the requested instruction based on your expertise and customer's needs. |
| **user_role_prompt** | {chatdev_prompt} You are Solidity Programming Expert. Now, we are both working at ChatDev and share a common interest in collaborating to successfully execute a marketing strategy for a new customer. You can analyze the code structure, logic, and implementation details of the contracts. You have extensive computing and coding experience in Solidity programming language. Here is a new customer's task: {task}. To complete the task,  you must write a response that appropriately solves the requested instruction based on your expertise and customer's needs. |
| **task_prompt** | pragma solidity 0.8.7; /*  * @author InsureDAO  * @title InsureDAO vault contract  * @notice  * SPDX-License-Identifier: GPL-3.0  / import ""@openzeppelin/contracts/token/ERC20/IERC20.sol""; import ""@openzeppelin/contracts/token/ERC20/utils/SafeERC20.sol""; import ""./interfaces/IOwnership.sol""; import ""./interfaces/IVault.sol""; import ""./interfaces/IController.sol""; import ""./interfaces/IRegistry.sol""; contract Vault is IVault {     using SafeERC20 for IERC20; /**  * Storage  */  address public override token; IController public controller; IRegistry public registry; IOwnership public ownership;  mapping(address =&gt; uint256) public override debts; mapping(address =&gt; uint256) public attributions; uint256 public totalAttributions;  address public keeper; //keeper can operate utilize(), if address zero, anyone can operate. uint256 public balance; //balance of underlying token uint256 public totalDebt; //total debt balance. 1debt:1token  uint256 public constant MAGIC_SCALE_1E6 = 1e6; //internal multiplication scale 1e6 to reduce decimal truncation    event ControllerSet(address controller);  modifier onlyOwner() {     require(         ownership.owner() == msg.sender,         ""Restricted: caller is not allowed to operate""     );     _; }  modifier onlyMarket() {     require(         IRegistry(registry).isListed(msg.sender),         ""ERROR_ONLY_MARKET""     );     _; }  constructor(     address _token,     address _registry,     address _controller,     address _ownership ) {     require(_token != address(0));     require(_registry != address(0));     require(_ownership != address(0));     //controller can be zero      token = _token;     registry = IRegistry(_registry);     controller = IController(_controller);     ownership = IOwnership(_ownership); }  /**  * Vault Functions  */  /**  * @notice A market contract can deposit collateral and get attribution point in return  * @param  _amount amount of tokens to deposit  * @param _from sender's address  * @param _beneficiaries beneficiary's address array  * @param _shares funds share within beneficiaries (100% = 1e6)  * @return _allocations attribution amount generated from the transaction  */ function addValueBatch(     uint256 _amount,     address _from,     address[2] memory _beneficiaries,     uint256[2] memory _shares ) external override onlyMarket returns (uint256[2] memory _allocations) {      require(_shares[0] + _shares[1] == 1000000, ""ERROR_INCORRECT_SHARE"");      uint256 _attributions;     if (totalAttributions == 0) {         _attributions = _amount;     } else {         uint256 _pool = valueAll();         _attributions = (_amount * totalAttributions) / _pool;     }     IERC20(token).safeTransferFrom(_from, address(this), _amount);      balance += _amount;     totalAttributions += _attributions;     for (uint128 i = 0; i &lt; 2; i++) {         uint256 _allocation = (_shares[i] * _attributions) / MAGIC_SCALE_1E6;         attributions[_beneficiaries[i]] += _allocation;         _allocations[i] = _allocation;     } }  /**  * @notice A market contract can deposit collateral and get attribution point in return  * @param  _amount amount of tokens to deposit  * @param _from sender's address  * @param _beneficiary beneficiary's address  * @return _attributions attribution amount generated from the transaction  */  function addValue(     uint256 _amount,     address _from,     address _beneficiary ) external override onlyMarket returns (uint256 _attributions) {      if (totalAttributions == 0) {         _attributions = _amount;     } else {         uint256 _pool = valueAll();         _attributions = (_amount * totalAttributions) / _pool;     }     IERC20(token).safeTransferFrom(_from, address(this), _amount);     balance += _amount;     totalAttributions += _attributions;     attributions[_beneficiary] += _attributions; }  /**  * @notice an address that has balance in the vault can withdraw underlying value  * @param _amount amount of tokens to withdraw  * @param _to address to get underlying tokens  * @return _attributions amount of attributions burnet  */ function withdrawValue(uint256 _amount, address _to)     external     override     returns (uint256 _attributions) {     require(         attributions[msg.sender] &gt; 0 &amp;&amp;             underlyingValue(msg.sender) &gt;= _amount,         ""ERROR_WITHDRAW-VALUE_BADCONDITOONS""     );     _attributions = (totalAttributions * _amount) / valueAll();      attributions[msg.sender] -= _attributions;     totalAttributions -= _attributions;      if (available() &lt; _amount) {         //when USDC in this contract isn't enough         uint256 _shortage = _amount - available();         _unutilize(_shortage);          assert(available() &gt;= _amount);     }      balance -= _amount;     IERC20(token).safeTransfer(_to, _amount); }  /**  * @notice an address that has balance in the vault can transfer underlying value  * @param _amount sender of value  * @param _destination reciepient of value  */  function transferValue(uint256 _amount, address _destination)     external     override     returns (uint256 _attributions) {     require(         attributions[msg.sender] &gt; 0 &amp;&amp;             underlyingValue(msg.sender) &gt;= _amount,         ""ERROR_TRANSFER-VALUE_BADCONDITOONS""     );     _attributions = (_amount * totalAttributions) / valueAll();     attributions[msg.sender] -= _attributions;     attributions[_destination] += _attributions; }  /**  * @notice a registered contract can borrow balance from the vault  * @param _amount borrow amount  * @param _to borrower's address  */ function borrowValue(uint256 _amount, address _to) external onlyMarket override {     debts[msg.sender] += _amount;     totalDebt += _amount;      IERC20(token).safeTransfer(_to, _amount); }  /**  * @notice an address that has balance in the vault can offset an address's debt  * @param _amount debt amount to offset  * @param _target borrower's address  */  function offsetDebt(uint256 _amount, address _target)     external     override     returns (uint256 _attributions) {     require(         attributions[msg.sender] &gt; 0 &amp;&amp;             underlyingValue(msg.sender) &gt;= _amount,         ""ERROR_REPAY_DEBT_BADCONDITOONS""     );     _attributions = (_amount * totalAttributions) / valueAll();     attributions[msg.sender] -= _attributions;     totalAttributions -= _attributions;     balance -= _amount;     debts[_target] -= _amount;     totalDebt -= _amount; }  /**  * @notice a registerd market can transfer their debt to system debt  * @param _amount debt amount to transfer  * @dev will be called when CDS could not afford when resume the market.  */ function transferDebt(uint256 _amount) external onlyMarket override {      if(_amount != 0){         debts[msg.sender] -= _amount;         debts[address(0)] += _amount;     } }  /**  * @notice anyone can repay the system debt by sending tokens to this contract  * @param _amount debt amount to repay  * @param _target borrower's address  */ function repayDebt(uint256 _amount, address _target) external override {     uint256 _debt = debts[_target];     if (_debt &gt;= _amount) {         debts[_target] -= _amount;         totalDebt -= _amount;         IERC20(token).safeTransferFrom(msg.sender, address(this), _amount);     } else {         debts[_target] = 0;         totalDebt -= _debt;         IERC20(token).safeTransferFrom(msg.sender, address(this), _debt);     } }  /**  * @notice an address that has balance in the vault can withdraw value denominated in attribution  * @param _attribution amount of attribution to burn  * @param _to beneficiary's address  * @return _retVal number of tokens withdrawn from the transaction  */ function withdrawAttribution(uint256 _attribution, address _to)     external     override     returns (uint256 _retVal) {     _retVal = _withdrawAttribution(_attribution, _to); }  /**  * @notice an address that has balance in the vault can withdraw all value  * @param _to beneficiary's address  * @return _retVal number of tokens withdrawn from the transaction  */ function withdrawAllAttribution(address _to)     external     override     returns (uint256 _retVal) {     _retVal = _withdrawAttribution(attributions[msg.sender], _to); }  /**  * @notice an address that has balance in the vault can withdraw all value  * @param _attribution amount of attribution to burn  * @param _to beneficiary's address  * @return _retVal number of tokens withdrawn from the transaction  */ function _withdrawAttribution(uint256 _attribution, address _to)     internal     returns (uint256 _retVal) {     require(         attributions[msg.sender] &gt;= _attribution,         ""ERROR_WITHDRAW-ATTRIBUTION_BADCONDITOONS""     );     _retVal = (_attribution * valueAll()) / totalAttributions;      attributions[msg.sender] -= _attribution;     totalAttributions -= _attribution;      if (available() &lt; _retVal) {         uint256 _shortage = _retVal - available();         _unutilize(_shortage);     }      balance -= _retVal;     IERC20(token).safeTransfer(_to, _retVal); }  /**  * @notice an address that has balance in the vault can transfer value denominated in attribution  * @param _amount amount of attribution to transfer  * @param _destination reciepient of attribution  */ function transferAttribution(uint256 _amount, address _destination)     external     override {     require(_destination != address(0), ""ERROR_ZERO_ADDRESS"");      require(         _amount != 0 &amp;&amp; attributions[msg.sender] &gt;= _amount,         ""ERROR_TRANSFER-ATTRIBUTION_BADCONDITOONS""     );      attributions[msg.sender] -= _amount;     attributions[_destination] += _amount; }  /**  * @notice the controller can utilize all available stored funds  * @return _amount amount of tokens utilized  */ function utilize() external override returns (uint256 _amount) {     if (keeper != address(0)) {         require(msg.sender == keeper, ""ERROR_NOT_KEEPER"");     }     _amount = available(); //balance     if (_amount &gt; 0) {         IERC20(token).safeTransfer(address(controller), _amount);         balance -= _amount;         controller.earn(address(token), _amount);     } }  /**  * @notice get attribution number for the specified address  * @param _target target address  * @return amount of attritbution  */  function attributionOf(address _target)     external     view     override     returns (uint256) {     return attributions[_target]; }  /**  * @notice get all attribution number for this contract  * @return amount of all attribution  */ function attributionAll() external view returns (uint256) {     return totalAttributions; }  /**  * @notice Convert attribution number into underlying assset value  * @param _attribution amount of attribution  * @return token value of input attribution  */ function attributionValue(uint256 _attribution)     external     view     override     returns (uint256) {     if (totalAttributions &gt; 0 &amp;&amp; _attribution &gt; 0) {         return (_attribution * valueAll()) / totalAttributions;     } else {         return 0;     } }  /**  * @notice return underlying value of the specified address  * @param _target target address  * @return token value of target address  */ function underlyingValue(address _target)     public     view     override     returns (uint256) {     if (attributions[_target] &gt; 0) {         return (valueAll() * attributions[_target]) / totalAttributions;     } else {         return 0;     } }  /**  * @notice return underlying value of this contract  * @return all token value of the vault  */ function valueAll() public view returns (uint256) {     if (address(controller) != address(0)) {         return balance + controller.valueAll();     } else {         return balance;     } }  /**  * @notice internal function to unutilize the funds and keep utilization rate  * @param _amount amount to withdraw from controller  */ function _unutilize(uint256 _amount) internal {     require(address(controller) != address(0), ""ERROR_CONTROLLER_NOT_SET"");      controller.withdraw(address(this), _amount);     balance += _amount; }  /**  * @notice return how much funds in this contract is available to be utilized  * @return available balance to utilize  */ function available() public view returns (uint256) {     return balance - totalDebt; }  /**  * @notice return how much price for each attribution  * @return value of one share of attribution  */ function getPricePerFullShare() public view returns (uint256) {     return (valueAll() * MAGIC_SCALE_1E6) / totalAttributions; }  /**  * onlyOwner  */  /**  * @notice withdraw redundant token stored in this contract  * @param _token token address  * @param _to beneficiary's address  */ function withdrawRedundant(address _token, address _to)     external     override     onlyOwner {     if (         _token == address(token) &amp;&amp;         balance &lt; IERC20(token).balanceOf(address(this))     ) {         uint256 _redundant = IERC20(token).balanceOf(address(this)) -             balance;         IERC20(token).safeTransfer(_to, _redundant);     } else if (IERC20(_token).balanceOf(address(this)) &gt; 0) {         IERC20(_token).safeTransfer(             _to,             IERC20(_token).balanceOf(address(this))         );     } }  /**  * @notice admin function to set controller address  * @param _controller address of the controller  */ function setController(address _controller) public override onlyOwner {     require(_controller != address(0), ""ERROR_ZERO_ADDRESS"");      if (address(controller) != address(0)) {         controller.migrate(address(_controller));         controller = IController(_controller);     } else {         controller = IController(_controller);     }      emit ControllerSet(_controller); }  /**  * @notice the controller can utilize all available stored funds  * @param _keeper keeper address  */ function setKeeper(address _keeper) external override onlyOwner {     if (keeper != _keeper) {         keeper = _keeper;     } }  } |
| **with_task_specify** | False |
| **memory** | No existed memory |
| **model_type** | ModelType.GPT_4_O_MINI |
| **background_prompt** | We are a specialized team that audits Solidity smart contracts using an advanced multi-agent system. Our approach combines the expertise of project management, smart contract counseling, auditing, and Solidity programming to deliver comprehensive and reliable contract assessments. |

[2024-10-08 11:56:39 INFO] Solidity Programming Expert: **[Start Chat]**

[We are a specialized team that audits Solidity smart contracts using an advanced multi-agent system. Our approach combines the expertise of project management, smart contract counseling, auditing, and Solidity programming to deliver comprehensive and reliable contract assessments.
You are Security Analyst. Now, we are both working at ChatDev and share a common interest in collaborating to successfully execute a marketing strategy for a new customer.
You can leverage your knowledge of Ethereum smart contracts and security best practices to throughly review the privded vulnerable smart contracts and identify potential bugs and security vulnerablites
Here is a new customer's task: pragma solidity 0.8.7;

/**
 * @author InsureDAO
 * @title InsureDAO vault contract
 * @notice
 * SPDX-License-Identifier: GPL-3.0
 */
import ""@openzeppelin/contracts/token/ERC20/IERC20.sol"";
import ""@openzeppelin/contracts/token/ERC20/utils/SafeERC20.sol"";

import ""./interfaces/IOwnership.sol"";
import ""./interfaces/IVault.sol"";

import ""./interfaces/IController.sol"";
import ""./interfaces/IRegistry.sol"";

contract Vault is IVault {
    using SafeERC20 for IERC20;

    /**
     * Storage
     */

    address public override token;
    IController public controller;
    IRegistry public registry;
    IOwnership public ownership;

    mapping(address => uint256) public override debts;
    mapping(address => uint256) public attributions;
    uint256 public totalAttributions;

    address public keeper; //keeper can operate utilize(), if address zero, anyone can operate.
    uint256 public balance; //balance of underlying token
    uint256 public totalDebt; //total debt balance. 1debt:1token

    uint256 public constant MAGIC_SCALE_1E6 = 1e6; //internal multiplication scale 1e6 to reduce decimal truncation



    event ControllerSet(address controller);

    modifier onlyOwner() {
        require(
            ownership.owner() == msg.sender,
            ""Restricted: caller is not allowed to operate""
        );
        _;
    }

    modifier onlyMarket() {
        require(
            IRegistry(registry).isListed(msg.sender),
            ""ERROR_ONLY_MARKET""
        );
        _;
    }

    constructor(
        address _token,
        address _registry,
        address _controller,
        address _ownership
    ) {
        require(_token != address(0));
        require(_registry != address(0));
        require(_ownership != address(0));
        //controller can be zero

        token = _token;
        registry = IRegistry(_registry);
        controller = IController(_controller);
        ownership = IOwnership(_ownership);
    }

    /**
     * Vault Functions
     */

    /**
     * @notice A market contract can deposit collateral and get attribution point in return
     * @param  _amount amount of tokens to deposit
     * @param _from sender's address
     * @param _beneficiaries beneficiary's address array
     * @param _shares funds share within beneficiaries (100% = 1e6)
     * @return _allocations attribution amount generated from the transaction
     */
    function addValueBatch(
        uint256 _amount,
        address _from,
        address[2] memory _beneficiaries,
        uint256[2] memory _shares
    ) external override onlyMarket returns (uint256[2] memory _allocations) {
        
        require(_shares[0] + _shares[1] == 1000000, ""ERROR_INCORRECT_SHARE"");

        uint256 _attributions;
        if (totalAttributions == 0) {
            _attributions = _amount;
        } else {
            uint256 _pool = valueAll();
            _attributions = (_amount * totalAttributions) / _pool;
        }
        IERC20(token).safeTransferFrom(_from, address(this), _amount);

        balance += _amount;
        totalAttributions += _attributions;
        for (uint128 i = 0; i < 2; i++) {
            uint256 _allocation = (_shares[i] * _attributions) / MAGIC_SCALE_1E6;
            attributions[_beneficiaries[i]] += _allocation;
            _allocations[i] = _allocation;
        }
    }

    /**
     * @notice A market contract can deposit collateral and get attribution point in return
     * @param  _amount amount of tokens to deposit
     * @param _from sender's address
     * @param _beneficiary beneficiary's address
     * @return _attributions attribution amount generated from the transaction
     */

    function addValue(
        uint256 _amount,
        address _from,
        address _beneficiary
    ) external override onlyMarket returns (uint256 _attributions) {

        if (totalAttributions == 0) {
            _attributions = _amount;
        } else {
            uint256 _pool = valueAll();
            _attributions = (_amount * totalAttributions) / _pool;
        }
        IERC20(token).safeTransferFrom(_from, address(this), _amount);
        balance += _amount;
        totalAttributions += _attributions;
        attributions[_beneficiary] += _attributions;
    }

    /**
     * @notice an address that has balance in the vault can withdraw underlying value
     * @param _amount amount of tokens to withdraw
     * @param _to address to get underlying tokens
     * @return _attributions amount of attributions burnet
     */
    function withdrawValue(uint256 _amount, address _to)
        external
        override
        returns (uint256 _attributions)
    {
        require(
            attributions[msg.sender] > 0 &&
                underlyingValue(msg.sender) >= _amount,
            ""ERROR_WITHDRAW-VALUE_BADCONDITOONS""
        );
        _attributions = (totalAttributions * _amount) / valueAll();

        attributions[msg.sender] -= _attributions;
        totalAttributions -= _attributions;

        if (available() < _amount) {
            //when USDC in this contract isn't enough
            uint256 _shortage = _amount - available();
            _unutilize(_shortage);

            assert(available() >= _amount);
        }

        balance -= _amount;
        IERC20(token).safeTransfer(_to, _amount);
    }

    /**
     * @notice an address that has balance in the vault can transfer underlying value
     * @param _amount sender of value
     * @param _destination reciepient of value
     */

    function transferValue(uint256 _amount, address _destination)
        external
        override
        returns (uint256 _attributions)
    {
        require(
            attributions[msg.sender] > 0 &&
                underlyingValue(msg.sender) >= _amount,
            ""ERROR_TRANSFER-VALUE_BADCONDITOONS""
        );
        _attributions = (_amount * totalAttributions) / valueAll();
        attributions[msg.sender] -= _attributions;
        attributions[_destination] += _attributions;
    }

    /**
     * @notice a registered contract can borrow balance from the vault
     * @param _amount borrow amount
     * @param _to borrower's address
     */
    function borrowValue(uint256 _amount, address _to) external onlyMarket override {
        debts[msg.sender] += _amount;
        totalDebt += _amount;

        IERC20(token).safeTransfer(_to, _amount);
    }

    /**
     * @notice an address that has balance in the vault can offset an address's debt
     * @param _amount debt amount to offset
     * @param _target borrower's address
     */

    function offsetDebt(uint256 _amount, address _target)
        external
        override
        returns (uint256 _attributions)
    {
        require(
            attributions[msg.sender] > 0 &&
                underlyingValue(msg.sender) >= _amount,
            ""ERROR_REPAY_DEBT_BADCONDITOONS""
        );
        _attributions = (_amount * totalAttributions) / valueAll();
        attributions[msg.sender] -= _attributions;
        totalAttributions -= _attributions;
        balance -= _amount;
        debts[_target] -= _amount;
        totalDebt -= _amount;
    }

    /**
     * @notice a registerd market can transfer their debt to system debt
     * @param _amount debt amount to transfer
     * @dev will be called when CDS could not afford when resume the market.
     */
    function transferDebt(uint256 _amount) external onlyMarket override {

        if(_amount != 0){
            debts[msg.sender] -= _amount;
            debts[address(0)] += _amount;
        }
    }

    /**
     * @notice anyone can repay the system debt by sending tokens to this contract
     * @param _amount debt amount to repay
     * @param _target borrower's address
     */
    function repayDebt(uint256 _amount, address _target) external override {
        uint256 _debt = debts[_target];
        if (_debt >= _amount) {
            debts[_target] -= _amount;
            totalDebt -= _amount;
            IERC20(token).safeTransferFrom(msg.sender, address(this), _amount);
        } else {
            debts[_target] = 0;
            totalDebt -= _debt;
            IERC20(token).safeTransferFrom(msg.sender, address(this), _debt);
        }
    }

    /**
     * @notice an address that has balance in the vault can withdraw value denominated in attribution
     * @param _attribution amount of attribution to burn
     * @param _to beneficiary's address
     * @return _retVal number of tokens withdrawn from the transaction
     */
    function withdrawAttribution(uint256 _attribution, address _to)
        external
        override
        returns (uint256 _retVal)
    {
        _retVal = _withdrawAttribution(_attribution, _to);
    }

    /**
     * @notice an address that has balance in the vault can withdraw all value
     * @param _to beneficiary's address
     * @return _retVal number of tokens withdrawn from the transaction
     */
    function withdrawAllAttribution(address _to)
        external
        override
        returns (uint256 _retVal)
    {
        _retVal = _withdrawAttribution(attributions[msg.sender], _to);
    }

    /**
     * @notice an address that has balance in the vault can withdraw all value
     * @param _attribution amount of attribution to burn
     * @param _to beneficiary's address
     * @return _retVal number of tokens withdrawn from the transaction
     */
    function _withdrawAttribution(uint256 _attribution, address _to)
        internal
        returns (uint256 _retVal)
    {
        require(
            attributions[msg.sender] >= _attribution,
            ""ERROR_WITHDRAW-ATTRIBUTION_BADCONDITOONS""
        );
        _retVal = (_attribution * valueAll()) / totalAttributions;

        attributions[msg.sender] -= _attribution;
        totalAttributions -= _attribution;

        if (available() < _retVal) {
            uint256 _shortage = _retVal - available();
            _unutilize(_shortage);
        }

        balance -= _retVal;
        IERC20(token).safeTransfer(_to, _retVal);
    }

    /**
     * @notice an address that has balance in the vault can transfer value denominated in attribution
     * @param _amount amount of attribution to transfer
     * @param _destination reciepient of attribution
     */
    function transferAttribution(uint256 _amount, address _destination)
        external
        override
    {
        require(_destination != address(0), ""ERROR_ZERO_ADDRESS"");

        require(
            _amount != 0 && attributions[msg.sender] >= _amount,
            ""ERROR_TRANSFER-ATTRIBUTION_BADCONDITOONS""
        );

        attributions[msg.sender] -= _amount;
        attributions[_destination] += _amount;
    }

    /**
     * @notice the controller can utilize all available stored funds
     * @return _amount amount of tokens utilized
     */
    function utilize() external override returns (uint256 _amount) {
        if (keeper != address(0)) {
            require(msg.sender == keeper, ""ERROR_NOT_KEEPER"");
        }
        _amount = available(); //balance
        if (_amount > 0) {
            IERC20(token).safeTransfer(address(controller), _amount);
            balance -= _amount;
            controller.earn(address(token), _amount);
        }
    }

    /**
     * @notice get attribution number for the specified address
     * @param _target target address
     * @return amount of attritbution
     */

    function attributionOf(address _target)
        external
        view
        override
        returns (uint256)
    {
        return attributions[_target];
    }

    /**
     * @notice get all attribution number for this contract
     * @return amount of all attribution
     */
    function attributionAll() external view returns (uint256) {
        return totalAttributions;
    }

    /**
     * @notice Convert attribution number into underlying assset value
     * @param _attribution amount of attribution
     * @return token value of input attribution
     */
    function attributionValue(uint256 _attribution)
        external
        view
        override
        returns (uint256)
    {
        if (totalAttributions > 0 && _attribution > 0) {
            return (_attribution * valueAll()) / totalAttributions;
        } else {
            return 0;
        }
    }

    /**
     * @notice return underlying value of the specified address
     * @param _target target address
     * @return token value of target address
     */
    function underlyingValue(address _target)
        public
        view
        override
        returns (uint256)
    {
        if (attributions[_target] > 0) {
            return (valueAll() * attributions[_target]) / totalAttributions;
        } else {
            return 0;
        }
    }

    /**
     * @notice return underlying value of this contract
     * @return all token value of the vault
     */
    function valueAll() public view returns (uint256) {
        if (address(controller) != address(0)) {
            return balance + controller.valueAll();
        } else {
            return balance;
        }
    }

    /**
     * @notice internal function to unutilize the funds and keep utilization rate
     * @param _amount amount to withdraw from controller
     */
    function _unutilize(uint256 _amount) internal {
        require(address(controller) != address(0), ""ERROR_CONTROLLER_NOT_SET"");

        controller.withdraw(address(this), _amount);
        balance += _amount;
    }

    /**
     * @notice return how much funds in this contract is available to be utilized
     * @return available balance to utilize
     */
    function available() public view returns (uint256) {
        return balance - totalDebt;
    }

    /**
     * @notice return how much price for each attribution
     * @return value of one share of attribution
     */
    function getPricePerFullShare() public view returns (uint256) {
        return (valueAll() * MAGIC_SCALE_1E6) / totalAttributions;
    }

    /**
     * onlyOwner
     */

    /**
     * @notice withdraw redundant token stored in this contract
     * @param _token token address
     * @param _to beneficiary's address
     */
    function withdrawRedundant(address _token, address _to)
        external
        override
        onlyOwner
    {
        if (
            _token == address(token) &&
            balance < IERC20(token).balanceOf(address(this))
        ) {
            uint256 _redundant = IERC20(token).balanceOf(address(this)) -
                balance;
            IERC20(token).safeTransfer(_to, _redundant);
        } else if (IERC20(_token).balanceOf(address(this)) > 0) {
            IERC20(_token).safeTransfer(
                _to,
                IERC20(_token).balanceOf(address(this))
            );
        }
    }

    /**
     * @notice admin function to set controller address
     * @param _controller address of the controller
     */
    function setController(address _controller) public override onlyOwner {
        require(_controller != address(0), ""ERROR_ZERO_ADDRESS"");

        if (address(controller) != address(0)) {
            controller.migrate(address(_controller));
            controller = IController(_controller);
        } else {
            controller = IController(_controller);
        }

        emit ControllerSet(_controller);
    }

    /**
     * @notice the controller can utilize all available stored funds
     * @param _keeper keeper address
     */
    function setKeeper(address _keeper) external override onlyOwner {
        if (keeper != _keeper) {
            keeper = _keeper;
        }
    }
}
.
To complete the task,  you must write a response that appropriately solves the requested instruction based on your expertise and customer's needs.]

Given the user's task and the brainstorming ideas provided:
Task: ""pragma solidity 0.8.7;

/**
 * @author InsureDAO
 * @title InsureDAO vault contract
 * @notice
 * SPDX-License-Identifier: GPL-3.0
 */
import ""@openzeppelin/contracts/token/ERC20/IERC20.sol"";
import ""@openzeppelin/contracts/token/ERC20/utils/SafeERC20.sol"";

import ""./interfaces/IOwnership.sol"";
import ""./interfaces/IVault.sol"";

import ""./interfaces/IController.sol"";
import ""./interfaces/IRegistry.sol"";

contract Vault is IVault {
    using SafeERC20 for IERC20;

    /**
     * Storage
     */

    address public override token;
    IController public controller;
    IRegistry public registry;
    IOwnership public ownership;

    mapping(address => uint256) public override debts;
    mapping(address => uint256) public attributions;
    uint256 public totalAttributions;

    address public keeper; //keeper can operate utilize(), if address zero, anyone can operate.
    uint256 public balance; //balance of underlying token
    uint256 public totalDebt; //total debt balance. 1debt:1token

    uint256 public constant MAGIC_SCALE_1E6 = 1e6; //internal multiplication scale 1e6 to reduce decimal truncation



    event ControllerSet(address controller);

    modifier onlyOwner() {
        require(
            ownership.owner() == msg.sender,
            ""Restricted: caller is not allowed to operate""
        );
        _;
    }

    modifier onlyMarket() {
        require(
            IRegistry(registry).isListed(msg.sender),
            ""ERROR_ONLY_MARKET""
        );
        _;
    }

    constructor(
        address _token,
        address _registry,
        address _controller,
        address _ownership
    ) {
        require(_token != address(0));
        require(_registry != address(0));
        require(_ownership != address(0));
        //controller can be zero

        token = _token;
        registry = IRegistry(_registry);
        controller = IController(_controller);
        ownership = IOwnership(_ownership);
    }

    /**
     * Vault Functions
     */

    /**
     * @notice A market contract can deposit collateral and get attribution point in return
     * @param  _amount amount of tokens to deposit
     * @param _from sender's address
     * @param _beneficiaries beneficiary's address array
     * @param _shares funds share within beneficiaries (100% = 1e6)
     * @return _allocations attribution amount generated from the transaction
     */
    function addValueBatch(
        uint256 _amount,
        address _from,
        address[2] memory _beneficiaries,
        uint256[2] memory _shares
    ) external override onlyMarket returns (uint256[2] memory _allocations) {
        
        require(_shares[0] + _shares[1] == 1000000, ""ERROR_INCORRECT_SHARE"");

        uint256 _attributions;
        if (totalAttributions == 0) {
            _attributions = _amount;
        } else {
            uint256 _pool = valueAll();
            _attributions = (_amount * totalAttributions) / _pool;
        }
        IERC20(token).safeTransferFrom(_from, address(this), _amount);

        balance += _amount;
        totalAttributions += _attributions;
        for (uint128 i = 0; i < 2; i++) {
            uint256 _allocation = (_shares[i] * _attributions) / MAGIC_SCALE_1E6;
            attributions[_beneficiaries[i]] += _allocation;
            _allocations[i] = _allocation;
        }
    }

    /**
     * @notice A market contract can deposit collateral and get attribution point in return
     * @param  _amount amount of tokens to deposit
     * @param _from sender's address
     * @param _beneficiary beneficiary's address
     * @return _attributions attribution amount generated from the transaction
     */

    function addValue(
        uint256 _amount,
        address _from,
        address _beneficiary
    ) external override onlyMarket returns (uint256 _attributions) {

        if (totalAttributions == 0) {
            _attributions = _amount;
        } else {
            uint256 _pool = valueAll();
            _attributions = (_amount * totalAttributions) / _pool;
        }
        IERC20(token).safeTransferFrom(_from, address(this), _amount);
        balance += _amount;
        totalAttributions += _attributions;
        attributions[_beneficiary] += _attributions;
    }

    /**
     * @notice an address that has balance in the vault can withdraw underlying value
     * @param _amount amount of tokens to withdraw
     * @param _to address to get underlying tokens
     * @return _attributions amount of attributions burnet
     */
    function withdrawValue(uint256 _amount, address _to)
        external
        override
        returns (uint256 _attributions)
    {
        require(
            attributions[msg.sender] > 0 &&
                underlyingValue(msg.sender) >= _amount,
            ""ERROR_WITHDRAW-VALUE_BADCONDITOONS""
        );
        _attributions = (totalAttributions * _amount) / valueAll();

        attributions[msg.sender] -= _attributions;
        totalAttributions -= _attributions;

        if (available() < _amount) {
            //when USDC in this contract isn't enough
            uint256 _shortage = _amount - available();
            _unutilize(_shortage);

            assert(available() >= _amount);
        }

        balance -= _amount;
        IERC20(token).safeTransfer(_to, _amount);
    }

    /**
     * @notice an address that has balance in the vault can transfer underlying value
     * @param _amount sender of value
     * @param _destination reciepient of value
     */

    function transferValue(uint256 _amount, address _destination)
        external
        override
        returns (uint256 _attributions)
    {
        require(
            attributions[msg.sender] > 0 &&
                underlyingValue(msg.sender) >= _amount,
            ""ERROR_TRANSFER-VALUE_BADCONDITOONS""
        );
        _attributions = (_amount * totalAttributions) / valueAll();
        attributions[msg.sender] -= _attributions;
        attributions[_destination] += _attributions;
    }

    /**
     * @notice a registered contract can borrow balance from the vault
     * @param _amount borrow amount
     * @param _to borrower's address
     */
    function borrowValue(uint256 _amount, address _to) external onlyMarket override {
        debts[msg.sender] += _amount;
        totalDebt += _amount;

        IERC20(token).safeTransfer(_to, _amount);
    }

    /**
     * @notice an address that has balance in the vault can offset an address's debt
     * @param _amount debt amount to offset
     * @param _target borrower's address
     */

    function offsetDebt(uint256 _amount, address _target)
        external
        override
        returns (uint256 _attributions)
    {
        require(
            attributions[msg.sender] > 0 &&
                underlyingValue(msg.sender) >= _amount,
            ""ERROR_REPAY_DEBT_BADCONDITOONS""
        );
        _attributions = (_amount * totalAttributions) / valueAll();
        attributions[msg.sender] -= _attributions;
        totalAttributions -= _attributions;
        balance -= _amount;
        debts[_target] -= _amount;
        totalDebt -= _amount;
    }

    /**
     * @notice a registerd market can transfer their debt to system debt
     * @param _amount debt amount to transfer
     * @dev will be called when CDS could not afford when resume the market.
     */
    function transferDebt(uint256 _amount) external onlyMarket override {

        if(_amount != 0){
            debts[msg.sender] -= _amount;
            debts[address(0)] += _amount;
        }
    }

    /**
     * @notice anyone can repay the system debt by sending tokens to this contract
     * @param _amount debt amount to repay
     * @param _target borrower's address
     */
    function repayDebt(uint256 _amount, address _target) external override {
        uint256 _debt = debts[_target];
        if (_debt >= _amount) {
            debts[_target] -= _amount;
            totalDebt -= _amount;
            IERC20(token).safeTransferFrom(msg.sender, address(this), _amount);
        } else {
            debts[_target] = 0;
            totalDebt -= _debt;
            IERC20(token).safeTransferFrom(msg.sender, address(this), _debt);
        }
    }

    /**
     * @notice an address that has balance in the vault can withdraw value denominated in attribution
     * @param _attribution amount of attribution to burn
     * @param _to beneficiary's address
     * @return _retVal number of tokens withdrawn from the transaction
     */
    function withdrawAttribution(uint256 _attribution, address _to)
        external
        override
        returns (uint256 _retVal)
    {
        _retVal = _withdrawAttribution(_attribution, _to);
    }

    /**
     * @notice an address that has balance in the vault can withdraw all value
     * @param _to beneficiary's address
     * @return _retVal number of tokens withdrawn from the transaction
     */
    function withdrawAllAttribution(address _to)
        external
        override
        returns (uint256 _retVal)
    {
        _retVal = _withdrawAttribution(attributions[msg.sender], _to);
    }

    /**
     * @notice an address that has balance in the vault can withdraw all value
     * @param _attribution amount of attribution to burn
     * @param _to beneficiary's address
     * @return _retVal number of tokens withdrawn from the transaction
     */
    function _withdrawAttribution(uint256 _attribution, address _to)
        internal
        returns (uint256 _retVal)
    {
        require(
            attributions[msg.sender] >= _attribution,
            ""ERROR_WITHDRAW-ATTRIBUTION_BADCONDITOONS""
        );
        _retVal = (_attribution * valueAll()) / totalAttributions;

        attributions[msg.sender] -= _attribution;
        totalAttributions -= _attribution;

        if (available() < _retVal) {
            uint256 _shortage = _retVal - available();
            _unutilize(_shortage);
        }

        balance -= _retVal;
        IERC20(token).safeTransfer(_to, _retVal);
    }

    /**
     * @notice an address that has balance in the vault can transfer value denominated in attribution
     * @param _amount amount of attribution to transfer
     * @param _destination reciepient of attribution
     */
    function transferAttribution(uint256 _amount, address _destination)
        external
        override
    {
        require(_destination != address(0), ""ERROR_ZERO_ADDRESS"");

        require(
            _amount != 0 && attributions[msg.sender] >= _amount,
            ""ERROR_TRANSFER-ATTRIBUTION_BADCONDITOONS""
        );

        attributions[msg.sender] -= _amount;
        attributions[_destination] += _amount;
    }

    /**
     * @notice the controller can utilize all available stored funds
     * @return _amount amount of tokens utilized
     */
    function utilize() external override returns (uint256 _amount) {
        if (keeper != address(0)) {
            require(msg.sender == keeper, ""ERROR_NOT_KEEPER"");
        }
        _amount = available(); //balance
        if (_amount > 0) {
            IERC20(token).safeTransfer(address(controller), _amount);
            balance -= _amount;
            controller.earn(address(token), _amount);
        }
    }

    /**
     * @notice get attribution number for the specified address
     * @param _target target address
     * @return amount of attritbution
     */

    function attributionOf(address _target)
        external
        view
        override
        returns (uint256)
    {
        return attributions[_target];
    }

    /**
     * @notice get all attribution number for this contract
     * @return amount of all attribution
     */
    function attributionAll() external view returns (uint256) {
        return totalAttributions;
    }

    /**
     * @notice Convert attribution number into underlying assset value
     * @param _attribution amount of attribution
     * @return token value of input attribution
     */
    function attributionValue(uint256 _attribution)
        external
        view
        override
        returns (uint256)
    {
        if (totalAttributions > 0 && _attribution > 0) {
            return (_attribution * valueAll()) / totalAttributions;
        } else {
            return 0;
        }
    }

    /**
     * @notice return underlying value of the specified address
     * @param _target target address
     * @return token value of target address
     */
    function underlyingValue(address _target)
        public
        view
        override
        returns (uint256)
    {
        if (attributions[_target] > 0) {
            return (valueAll() * attributions[_target]) / totalAttributions;
        } else {
            return 0;
        }
    }

    /**
     * @notice return underlying value of this contract
     * @return all token value of the vault
     */
    function valueAll() public view returns (uint256) {
        if (address(controller) != address(0)) {
            return balance + controller.valueAll();
        } else {
            return balance;
        }
    }

    /**
     * @notice internal function to unutilize the funds and keep utilization rate
     * @param _amount amount to withdraw from controller
     */
    function _unutilize(uint256 _amount) internal {
        require(address(controller) != address(0), ""ERROR_CONTROLLER_NOT_SET"");

        controller.withdraw(address(this), _amount);
        balance += _amount;
    }

    /**
     * @notice return how much funds in this contract is available to be utilized
     * @return available balance to utilize
     */
    function available() public view returns (uint256) {
        return balance - totalDebt;
    }

    /**
     * @notice return how much price for each attribution
     * @return value of one share of attribution
     */
    function getPricePerFullShare() public view returns (uint256) {
        return (valueAll() * MAGIC_SCALE_1E6) / totalAttributions;
    }

    /**
     * onlyOwner
     */

    /**
     * @notice withdraw redundant token stored in this contract
     * @param _token token address
     * @param _to beneficiary's address
     */
    function withdrawRedundant(address _token, address _to)
        external
        override
        onlyOwner
    {
        if (
            _token == address(token) &&
            balance < IERC20(token).balanceOf(address(this))
        ) {
            uint256 _redundant = IERC20(token).balanceOf(address(this)) -
                balance;
            IERC20(token).safeTransfer(_to, _redundant);
        } else if (IERC20(_token).balanceOf(address(this)) > 0) {
            IERC20(_token).safeTransfer(
                _to,
                IERC20(_token).balanceOf(address(this))
            );
        }
    }

    /**
     * @notice admin function to set controller address
     * @param _controller address of the controller
     */
    function setController(address _controller) public override onlyOwner {
        require(_controller != address(0), ""ERROR_ZERO_ADDRESS"");

        if (address(controller) != address(0)) {
            controller.migrate(address(_controller));
            controller = IController(_controller);
        } else {
            controller = IController(_controller);
        }

        emit ControllerSet(_controller);
    }

    /**
     * @notice the controller can utilize all available stored funds
     * @param _keeper keeper address
     */
    function setKeeper(address _keeper) external override onlyOwner {
        if (keeper != _keeper) {
            keeper = _keeper;
        }
    }
}
"".
Ideas: "" Potential Data Inconsistency Identified.
```
VULNERABILITY NAME: Potential Data Inconsistency in Attribution Calculations
'''
The contract contains several functions that manipulate the `attributions` mapping and the `totalAttributions` variable. Specifically, the calculations for attributions in functions such as `addValueBatch`, `addValue`, `withdrawValue`, and others rely on the assumption that the `totalAttributions` variable accurately reflects the total attribution points generated. However, if any of these functions fail or revert after modifying the state (e.g., due to insufficient balance or incorrect shares), the state may become inconsistent, leading to discrepancies in the attribution calculations.

Additionally, the use of the `available()` function in the `withdrawValue` and `_withdrawAttribution` functions assumes that the balance minus total debt will always yield a non-negative value. If the debt is incorrectly managed or manipulated, this could lead to a situation where the contract attempts to withdraw more than it has available, resulting in inconsistent state.

Recommended Mitigation/Fix: Implement checks to ensure that all state changes are atomic and that the contract maintains a consistent state. Use the `require` statements to validate conditions before making state changes, and consider using a pattern that reverts all changes if any part of the transaction fails. Additionally, ensure that the logic for managing debts and attributions is thoroughly tested to prevent inconsistencies.
'''
```"".
As the Security Analyst, your primary objective is to perform a thorough and detailed inspection of the provided contract code, with a particular focus on identifying vulnerabilities related to Hash Collision. This type of vulnerability occurs when different inputs produce the same hash due to improper handling of concatenated values, leading to potential security issues.
Proceed with the following steps in your analysis:
1. Scrutinize the contract's code to identify any functions that generate hashes from input values.
2. Look for patterns where multiple input values are concatenated without clear delimiters before hashing. Pay special attention to the use of `abi.encodePacked` for concatenation.
3. Determine if the concatenated inputs can produce the same hash for different combinations of input values, leading to potential hash collisions.
4. Evaluate the logic for generating and handling hashes within the contract to ensure that the potential for hash collisions is minimized.
If you discover any Hash Collision vulnerabilities, respond with: """,,"<INFO> Uninitialized Return Variable Identified.

```
UNINITIALIZED RETURN VARIABLE
'''
In the function `withdrawValue`, the return variable `_attributions` is declared but not explicitly initialized before it is used in the return statement. The function calculates `_attributions` based on the total attributions and the amount being withdrawn, but if the condition in the require statement fails, `_attributions` will not be assigned any value, leading to unpredictable behavior.

To mitigate this vulnerability, ensure that `_attributions` is initialized to a default value (e.g., 0) at the beginning of the function. This guarantees that the variable has a defined state regardless of the execution path.

Recommended fix:
```solidity
function withdrawValue(uint256 _amount, address _to)
    external
    override
    returns (uint256 _attributions)
{
    // Initialize _attributions to 0
    _attributions = 0;

    require(
        attributions[msg.sender] > 0 &&
            underlyingValue(msg.sender) >= _amount,
        ""ERROR_WITHDRAW-VALUE_BADCONDITOONS""
    );
    _attributions = (totalAttributions * _amount) / valueAll();

    attributions[msg.sender] -= _attributions;
    totalAttributions -= _attributions;

    if (available() < _amount) {
        //when USDC in this contract isn't enough
        uint256 _shortage = _amount - available();
        _unutilize(_shortage);

        assert(available() >= _amount);
    }

    balance -= _amount;
    IERC20(token).safeTransfer(_to, _amount);
}
'''
```

[2024-10-08 11:56:46 INFO] **[Execute Detail]**

execute SimplePhase:[MisdeclaredConstructorDetector] in ComposedPhase:[CodeReview], cycle 1

[2024-10-08 11:56:46 INFO] System: **[chatting]**

| Parameter | Value |
| --- | --- |
| **task_prompt** | pragma solidity 0.8.7; /*  * @author InsureDAO  * @title InsureDAO vault contract  * @notice  * SPDX-License-Identifier: GPL-3.0  / import ""@openzeppelin/contracts/token/ERC20/IERC20.sol""; import ""@openzeppelin/contracts/token/ERC20/utils/SafeERC20.sol""; import ""./interfaces/IOwnership.sol""; import ""./interfaces/IVault.sol""; import ""./interfaces/IController.sol""; import ""./interfaces/IRegistry.sol""; contract Vault is IVault {     using SafeERC20 for IERC20; /**  * Storage  */  address public override token; IController public controller; IRegistry public registry; IOwnership public ownership;  mapping(address =&gt; uint256) public override debts; mapping(address =&gt; uint256) public attributions; uint256 public totalAttributions;  address public keeper; //keeper can operate utilize(), if address zero, anyone can operate. uint256 public balance; //balance of underlying token uint256 public totalDebt; //total debt balance. 1debt:1token  uint256 public constant MAGIC_SCALE_1E6 = 1e6; //internal multiplication scale 1e6 to reduce decimal truncation    event ControllerSet(address controller);  modifier onlyOwner() {     require(         ownership.owner() == msg.sender,         ""Restricted: caller is not allowed to operate""     );     _; }  modifier onlyMarket() {     require(         IRegistry(registry).isListed(msg.sender),         ""ERROR_ONLY_MARKET""     );     _; }  constructor(     address _token,     address _registry,     address _controller,     address _ownership ) {     require(_token != address(0));     require(_registry != address(0));     require(_ownership != address(0));     //controller can be zero      token = _token;     registry = IRegistry(_registry);     controller = IController(_controller);     ownership = IOwnership(_ownership); }  /**  * Vault Functions  */  /**  * @notice A market contract can deposit collateral and get attribution point in return  * @param  _amount amount of tokens to deposit  * @param _from sender's address  * @param _beneficiaries beneficiary's address array  * @param _shares funds share within beneficiaries (100% = 1e6)  * @return _allocations attribution amount generated from the transaction  */ function addValueBatch(     uint256 _amount,     address _from,     address[2] memory _beneficiaries,     uint256[2] memory _shares ) external override onlyMarket returns (uint256[2] memory _allocations) {      require(_shares[0] + _shares[1] == 1000000, ""ERROR_INCORRECT_SHARE"");      uint256 _attributions;     if (totalAttributions == 0) {         _attributions = _amount;     } else {         uint256 _pool = valueAll();         _attributions = (_amount * totalAttributions) / _pool;     }     IERC20(token).safeTransferFrom(_from, address(this), _amount);      balance += _amount;     totalAttributions += _attributions;     for (uint128 i = 0; i &lt; 2; i++) {         uint256 _allocation = (_shares[i] * _attributions) / MAGIC_SCALE_1E6;         attributions[_beneficiaries[i]] += _allocation;         _allocations[i] = _allocation;     } }  /**  * @notice A market contract can deposit collateral and get attribution point in return  * @param  _amount amount of tokens to deposit  * @param _from sender's address  * @param _beneficiary beneficiary's address  * @return _attributions attribution amount generated from the transaction  */  function addValue(     uint256 _amount,     address _from,     address _beneficiary ) external override onlyMarket returns (uint256 _attributions) {      if (totalAttributions == 0) {         _attributions = _amount;     } else {         uint256 _pool = valueAll();         _attributions = (_amount * totalAttributions) / _pool;     }     IERC20(token).safeTransferFrom(_from, address(this), _amount);     balance += _amount;     totalAttributions += _attributions;     attributions[_beneficiary] += _attributions; }  /**  * @notice an address that has balance in the vault can withdraw underlying value  * @param _amount amount of tokens to withdraw  * @param _to address to get underlying tokens  * @return _attributions amount of attributions burnet  */ function withdrawValue(uint256 _amount, address _to)     external     override     returns (uint256 _attributions) {     require(         attributions[msg.sender] &gt; 0 &amp;&amp;             underlyingValue(msg.sender) &gt;= _amount,         ""ERROR_WITHDRAW-VALUE_BADCONDITOONS""     );     _attributions = (totalAttributions * _amount) / valueAll();      attributions[msg.sender] -= _attributions;     totalAttributions -= _attributions;      if (available() &lt; _amount) {         //when USDC in this contract isn't enough         uint256 _shortage = _amount - available();         _unutilize(_shortage);          assert(available() &gt;= _amount);     }      balance -= _amount;     IERC20(token).safeTransfer(_to, _amount); }  /**  * @notice an address that has balance in the vault can transfer underlying value  * @param _amount sender of value  * @param _destination reciepient of value  */  function transferValue(uint256 _amount, address _destination)     external     override     returns (uint256 _attributions) {     require(         attributions[msg.sender] &gt; 0 &amp;&amp;             underlyingValue(msg.sender) &gt;= _amount,         ""ERROR_TRANSFER-VALUE_BADCONDITOONS""     );     _attributions = (_amount * totalAttributions) / valueAll();     attributions[msg.sender] -= _attributions;     attributions[_destination] += _attributions; }  /**  * @notice a registered contract can borrow balance from the vault  * @param _amount borrow amount  * @param _to borrower's address  */ function borrowValue(uint256 _amount, address _to) external onlyMarket override {     debts[msg.sender] += _amount;     totalDebt += _amount;      IERC20(token).safeTransfer(_to, _amount); }  /**  * @notice an address that has balance in the vault can offset an address's debt  * @param _amount debt amount to offset  * @param _target borrower's address  */  function offsetDebt(uint256 _amount, address _target)     external     override     returns (uint256 _attributions) {     require(         attributions[msg.sender] &gt; 0 &amp;&amp;             underlyingValue(msg.sender) &gt;= _amount,         ""ERROR_REPAY_DEBT_BADCONDITOONS""     );     _attributions = (_amount * totalAttributions) / valueAll();     attributions[msg.sender] -= _attributions;     totalAttributions -= _attributions;     balance -= _amount;     debts[_target] -= _amount;     totalDebt -= _amount; }  /**  * @notice a registerd market can transfer their debt to system debt  * @param _amount debt amount to transfer  * @dev will be called when CDS could not afford when resume the market.  */ function transferDebt(uint256 _amount) external onlyMarket override {      if(_amount != 0){         debts[msg.sender] -= _amount;         debts[address(0)] += _amount;     } }  /**  * @notice anyone can repay the system debt by sending tokens to this contract  * @param _amount debt amount to repay  * @param _target borrower's address  */ function repayDebt(uint256 _amount, address _target) external override {     uint256 _debt = debts[_target];     if (_debt &gt;= _amount) {         debts[_target] -= _amount;         totalDebt -= _amount;         IERC20(token).safeTransferFrom(msg.sender, address(this), _amount);     } else {         debts[_target] = 0;         totalDebt -= _debt;         IERC20(token).safeTransferFrom(msg.sender, address(this), _debt);     } }  /**  * @notice an address that has balance in the vault can withdraw value denominated in attribution  * @param _attribution amount of attribution to burn  * @param _to beneficiary's address  * @return _retVal number of tokens withdrawn from the transaction  */ function withdrawAttribution(uint256 _attribution, address _to)     external     override     returns (uint256 _retVal) {     _retVal = _withdrawAttribution(_attribution, _to); }  /**  * @notice an address that has balance in the vault can withdraw all value  * @param _to beneficiary's address  * @return _retVal number of tokens withdrawn from the transaction  */ function withdrawAllAttribution(address _to)     external     override     returns (uint256 _retVal) {     _retVal = _withdrawAttribution(attributions[msg.sender], _to); }  /**  * @notice an address that has balance in the vault can withdraw all value  * @param _attribution amount of attribution to burn  * @param _to beneficiary's address  * @return _retVal number of tokens withdrawn from the transaction  */ function _withdrawAttribution(uint256 _attribution, address _to)     internal     returns (uint256 _retVal) {     require(         attributions[msg.sender] &gt;= _attribution,         ""ERROR_WITHDRAW-ATTRIBUTION_BADCONDITOONS""     );     _retVal = (_attribution * valueAll()) / totalAttributions;      attributions[msg.sender] -= _attribution;     totalAttributions -= _attribution;      if (available() &lt; _retVal) {         uint256 _shortage = _retVal - available();         _unutilize(_shortage);     }      balance -= _retVal;     IERC20(token).safeTransfer(_to, _retVal); }  /**  * @notice an address that has balance in the vault can transfer value denominated in attribution  * @param _amount amount of attribution to transfer  * @param _destination reciepient of attribution  */ function transferAttribution(uint256 _amount, address _destination)     external     override {     require(_destination != address(0), ""ERROR_ZERO_ADDRESS"");      require(         _amount != 0 &amp;&amp; attributions[msg.sender] &gt;= _amount,         ""ERROR_TRANSFER-ATTRIBUTION_BADCONDITOONS""     );      attributions[msg.sender] -= _amount;     attributions[_destination] += _amount; }  /**  * @notice the controller can utilize all available stored funds  * @return _amount amount of tokens utilized  */ function utilize() external override returns (uint256 _amount) {     if (keeper != address(0)) {         require(msg.sender == keeper, ""ERROR_NOT_KEEPER"");     }     _amount = available(); //balance     if (_amount &gt; 0) {         IERC20(token).safeTransfer(address(controller), _amount);         balance -= _amount;         controller.earn(address(token), _amount);     } }  /**  * @notice get attribution number for the specified address  * @param _target target address  * @return amount of attritbution  */  function attributionOf(address _target)     external     view     override     returns (uint256) {     return attributions[_target]; }  /**  * @notice get all attribution number for this contract  * @return amount of all attribution  */ function attributionAll() external view returns (uint256) {     return totalAttributions; }  /**  * @notice Convert attribution number into underlying assset value  * @param _attribution amount of attribution  * @return token value of input attribution  */ function attributionValue(uint256 _attribution)     external     view     override     returns (uint256) {     if (totalAttributions &gt; 0 &amp;&amp; _attribution &gt; 0) {         return (_attribution * valueAll()) / totalAttributions;     } else {         return 0;     } }  /**  * @notice return underlying value of the specified address  * @param _target target address  * @return token value of target address  */ function underlyingValue(address _target)     public     view     override     returns (uint256) {     if (attributions[_target] &gt; 0) {         return (valueAll() * attributions[_target]) / totalAttributions;     } else {         return 0;     } }  /**  * @notice return underlying value of this contract  * @return all token value of the vault  */ function valueAll() public view returns (uint256) {     if (address(controller) != address(0)) {         return balance + controller.valueAll();     } else {         return balance;     } }  /**  * @notice internal function to unutilize the funds and keep utilization rate  * @param _amount amount to withdraw from controller  */ function _unutilize(uint256 _amount) internal {     require(address(controller) != address(0), ""ERROR_CONTROLLER_NOT_SET"");      controller.withdraw(address(this), _amount);     balance += _amount; }  /**  * @notice return how much funds in this contract is available to be utilized  * @return available balance to utilize  */ function available() public view returns (uint256) {     return balance - totalDebt; }  /**  * @notice return how much price for each attribution  * @return value of one share of attribution  */ function getPricePerFullShare() public view returns (uint256) {     return (valueAll() * MAGIC_SCALE_1E6) / totalAttributions; }  /**  * onlyOwner  */  /**  * @notice withdraw redundant token stored in this contract  * @param _token token address  * @param _to beneficiary's address  */ function withdrawRedundant(address _token, address _to)     external     override     onlyOwner {     if (         _token == address(token) &amp;&amp;         balance &lt; IERC20(token).balanceOf(address(this))     ) {         uint256 _redundant = IERC20(token).balanceOf(address(this)) -             balance;         IERC20(token).safeTransfer(_to, _redundant);     } else if (IERC20(_token).balanceOf(address(this)) &gt; 0) {         IERC20(_token).safeTransfer(             _to,             IERC20(_token).balanceOf(address(this))         );     } }  /**  * @notice admin function to set controller address  * @param _controller address of the controller  */ function setController(address _controller) public override onlyOwner {     require(_controller != address(0), ""ERROR_ZERO_ADDRESS"");      if (address(controller) != address(0)) {         controller.migrate(address(_controller));         controller = IController(_controller);     } else {         controller = IController(_controller);     }      emit ControllerSet(_controller); }  /**  * @notice the controller can utilize all available stored funds  * @param _keeper keeper address  */ function setKeeper(address _keeper) external override onlyOwner {     if (keeper != _keeper) {         keeper = _keeper;     } }  } |
| **need_reflect** | False |
| **assistant_role_name** | Security Analyst |
| **user_role_name** | Solidity Programming Expert |
| **phase_prompt** | Given the user's task and the brainstorming ideas provided: Task: ""{task}"". Ideas: ""{ideas}"". As the {assistant_role}, your primary objective is to perform a thorough and detailed inspection of the provided contract code, with a particular focus on identifying vulnerabilities related to Misdeclared Constructor. This type of vulnerability occurs when a constructor is incorrectly declared using outdated syntax, causing it to be treated as a normal function rather than a constructor. This can lead to unauthorized initialization or modification of contract state variables. Proceed with the following steps in your analysis: 1. Scrutinize the contract's code to identify any functions that are intended to be constructors. 2. Look for functions that have the same name as the contract and determine if they are intended to act as constructors. In modern Solidity versions, constructors should use the constructor keyword instead. 3. Check if these functions are public and can be called by any user, leading to potential unauthorized access or modification of contract state variables. 4. Evaluate the overall contract initialization logic to ensure that constructors are correctly declared and that no unintended public functions exist that can initialize or modify contract state variables. If you discover any Misdeclared Constructor vulnerabilities, respond with: "" Misdeclared Constructor Identified."" For each vulnerability identified, use the following format: VULNERABILITY NAME or TYPE ''' DETAILED DESCRIPTION of the vulnerability, AND recommended mitigation/fix with no upgrade code ''' If NO Misdeclared Constructor vulnerabilities are found, respond only with: "" NO Misdeclared Constructor."" |
| **phase_name** | MisdeclaredConstructorDetector |
| **assistant_role_prompt** | {chatdev_prompt} You are Security Analyst. Now, we are both working at ChatDev and share a common interest in collaborating to successfully execute a marketing strategy for a new customer. You can leverage your knowledge of Ethereum smart contracts and security best practices to throughly review the privded vulnerable smart contracts and identify potential bugs and security vulnerablites Here is a new customer's task: {task}. To complete the task,  you must write a response that appropriately solves the requested instruction based on your expertise and customer's needs. |
| **user_role_prompt** | {chatdev_prompt} You are Solidity Programming Expert. Now, we are both working at ChatDev and share a common interest in collaborating to successfully execute a marketing strategy for a new customer. You can analyze the code structure, logic, and implementation details of the contracts. You have extensive computing and coding experience in Solidity programming language. Here is a new customer's task: {task}. To complete the task,  you must write a response that appropriately solves the requested instruction based on your expertise and customer's needs. |
| **chat_turn_limit** | 1 |
| **placeholders** | {'cycle_num': 1, 'modification_conclusion': '', 'cycle_index': 1, 'task': 'pragma solidity 0.8.7;\n\n/\n * @author InsureDAO\n * @title InsureDAO vault contract\n * @notice\n * SPDX-License-Identifier: GPL-3.0\n */\nimport ""@openzeppelin/contracts/token/ERC20/IERC20.sol"";\nimport ""@openzeppelin/contracts/token/ERC20/utils/SafeERC20.sol"";\n\nimport ""./interfaces/IOwnership.sol"";\nimport ""./interfaces/IVault.sol"";\n\nimport ""./interfaces/IController.sol"";\nimport ""./interfaces/IRegistry.sol"";\n\ncontract Vault is IVault {\n    using SafeERC20 for IERC20;\n\n    /\n     * Storage\n     /\n\n    address public override token;\n    IController public controller;\n    IRegistry public registry;\n    IOwnership public ownership;\n\n    mapping(address =&gt; uint256) public override debts;\n    mapping(address =&gt; uint256) public attributions;\n    uint256 public totalAttributions;\n\n    address public keeper; //keeper can operate utilize(), if address zero, anyone can operate.\n    uint256 public balance; //balance of underlying token\n    uint256 public totalDebt; //total debt balance. 1debt:1token\n\n    uint256 public constant MAGIC_SCALE_1E6 = 1e6; //internal multiplication scale 1e6 to reduce decimal truncation\n\n\n\n    event ControllerSet(address controller);\n\n    modifier onlyOwner() {\n        require(\n            ownership.owner() == msg.sender,\n            ""Restricted: caller is not allowed to operate""\n        );\n        ;\n    }\n\n    modifier onlyMarket() {\n        require(\n            IRegistry(registry).isListed(msg.sender),\n            ""ERROR_ONLY_MARKET""\n        );\n        ;\n    }\n\n    constructor(\n        address _token,\n        address _registry,\n        address _controller,\n        address _ownership\n    ) {\n        require(_token != address(0));\n        require(_registry != address(0));\n        require(_ownership != address(0));\n        //controller can be zero\n\n        token = _token;\n        registry = IRegistry(_registry);\n        controller = IController(_controller);\n        ownership = IOwnership(_ownership);\n    }\n\n    /\n     * Vault Functions\n     /\n\n    /\n     * @notice A market contract can deposit collateral and get attribution point in return\n     * @param  _amount amount of tokens to deposit\n     * @param _from sender\'s address\n     * @param _beneficiaries beneficiary\'s address array\n     * @param _shares funds share within beneficiaries (100% = 1e6)\n     * @return _allocations attribution amount generated from the transaction\n     */\n    function addValueBatch(\n        uint256 _amount,\n        address _from,\n        address[2] memory _beneficiaries,\n        uint256[2] memory _shares\n    ) external override onlyMarket returns (uint256[2] memory _allocations) {\n        \n        require(_shares[0] + _shares[1] == 1000000, ""ERROR_INCORRECT_SHARE"");\n\n        uint256 _attributions;\n        if (totalAttributions == 0) {\n            _attributions = _amount;\n        } else {\n            uint256 _pool = valueAll();\n            _attributions = (_amount * totalAttributions) / _pool;\n        }\n        IERC20(token).safeTransferFrom(_from, address(this), _amount);\n\n        balance += _amount;\n        totalAttributions += _attributions;\n        for (uint128 i = 0; i &lt; 2; i++) {\n            uint256 _allocation = (_shares[i] * _attributions) / MAGIC_SCALE_1E6;\n            attributions[_beneficiaries[i]] += _allocation;\n            _allocations[i] = _allocation;\n        }\n    }\n\n    /\n     * @notice A market contract can deposit collateral and get attribution point in return\n     * @param  _amount amount of tokens to deposit\n     * @param _from sender\'s address\n     * @param _beneficiary beneficiary\'s address\n     * @return _attributions attribution amount generated from the transaction\n     /\n\n    function addValue(\n        uint256 _amount,\n        address _from,\n        address _beneficiary\n    ) external override onlyMarket returns (uint256 _attributions) {\n\n        if (totalAttributions == 0) {\n            _attributions = _amount;\n        } else {\n            uint256 _pool = valueAll();\n            _attributions = (_amount * totalAttributions) / _pool;\n        }\n        IERC20(token).safeTransferFrom(_from, address(this), _amount);\n        balance += _amount;\n        totalAttributions += _attributions;\n        attributions[_beneficiary] += _attributions;\n    }\n\n    /\n     * @notice an address that has balance in the vault can withdraw underlying value\n     * @param _amount amount of tokens to withdraw\n     * @param _to address to get underlying tokens\n     * @return _attributions amount of attributions burnet\n     /\n    function withdrawValue(uint256 _amount, address _to)\n        external\n        override\n        returns (uint256 _attributions)\n    {\n        require(\n            attributions[msg.sender] &gt; 0 &amp;&amp;\n                underlyingValue(msg.sender) &gt;= _amount,\n            ""ERROR_WITHDRAW-VALUE_BADCONDITOONS""\n        );\n        _attributions = (totalAttributions * _amount) / valueAll();\n\n        attributions[msg.sender] -= _attributions;\n        totalAttributions -= _attributions;\n\n        if (available() &lt; _amount) {\n            //when USDC in this contract isn\'t enough\n            uint256 _shortage = _amount - available();\n            _unutilize(_shortage);\n\n            assert(available() &gt;= _amount);\n        }\n\n        balance -= _amount;\n        IERC20(token).safeTransfer(_to, _amount);\n    }\n\n    /\n     * @notice an address that has balance in the vault can transfer underlying value\n     * @param _amount sender of value\n     * @param _destination reciepient of value\n     */\n\n    function transferValue(uint256 _amount, address _destination)\n        external\n        override\n        returns (uint256 _attributions)\n    {\n        require(\n            attributions[msg.sender] &gt; 0 &amp;&amp;\n                underlyingValue(msg.sender) &gt;= _amount,\n            ""ERROR_TRANSFER-VALUE_BADCONDITOONS""\n        );\n        _attributions = (_amount * totalAttributions) / valueAll();\n        attributions[msg.sender] -= _attributions;\n        attributions[_destination] += _attributions;\n    }\n\n    /\n     * @notice a registered contract can borrow balance from the vault\n     * @param _amount borrow amount\n     * @param _to borrower\'s address\n     /\n    function borrowValue(uint256 _amount, address _to) external onlyMarket override {\n        debts[msg.sender] += _amount;\n        totalDebt += _amount;\n\n        IERC20(token).safeTransfer(_to, _amount);\n    }\n\n    /\n     * @notice an address that has balance in the vault can offset an address\'s debt\n     * @param _amount debt amount to offset\n     * @param _target borrower\'s address\n     /\n\n    function offsetDebt(uint256 _amount, address _target)\n        external\n        override\n        returns (uint256 _attributions)\n    {\n        require(\n            attributions[msg.sender] &gt; 0 &amp;&amp;\n                underlyingValue(msg.sender) &gt;= _amount,\n            ""ERROR_REPAY_DEBT_BADCONDITOONS""\n        );\n        _attributions = (_amount * totalAttributions) / valueAll();\n        attributions[msg.sender] -= _attributions;\n        totalAttributions -= _attributions;\n        balance -= _amount;\n        debts[_target] -= _amount;\n        totalDebt -= _amount;\n    }\n\n    /\n     * @notice a registerd market can transfer their debt to system debt\n     * @param _amount debt amount to transfer\n     * @dev will be called when CDS could not afford when resume the market.\n     */\n    function transferDebt(uint256 _amount) external onlyMarket override {\n\n        if(_amount != 0){\n            debts[msg.sender] -= _amount;\n            debts[address(0)] += _amount;\n        }\n    }\n\n    /\n     * @notice anyone can repay the system debt by sending tokens to this contract\n     * @param _amount debt amount to repay\n     * @param _target borrower\'s address\n     /\n    function repayDebt(uint256 _amount, address _target) external override {\n        uint256 _debt = debts[_target];\n        if (_debt &gt;= _amount) {\n            debts[_target] -= _amount;\n            totalDebt -= _amount;\n            IERC20(token).safeTransferFrom(msg.sender, address(this), _amount);\n        } else {\n            debts[_target] = 0;\n            totalDebt -= _debt;\n            IERC20(token).safeTransferFrom(msg.sender, address(this), _debt);\n        }\n    }\n\n    /\n     * @notice an address that has balance in the vault can withdraw value denominated in attribution\n     * @param _attribution amount of attribution to burn\n     * @param _to beneficiary\'s address\n     * @return _retVal number of tokens withdrawn from the transaction\n     /\n    function withdrawAttribution(uint256 _attribution, address _to)\n        external\n        override\n        returns (uint256 _retVal)\n    {\n        _retVal = _withdrawAttribution(_attribution, _to);\n    }\n\n    /\n     * @notice an address that has balance in the vault can withdraw all value\n     * @param _to beneficiary\'s address\n     * @return _retVal number of tokens withdrawn from the transaction\n     */\n    function withdrawAllAttribution(address _to)\n        external\n        override\n        returns (uint256 _retVal)\n    {\n        _retVal = _withdrawAttribution(attributions[msg.sender], _to);\n    }\n\n    /\n     * @notice an address that has balance in the vault can withdraw all value\n     * @param _attribution amount of attribution to burn\n     * @param _to beneficiary\'s address\n     * @return _retVal number of tokens withdrawn from the transaction\n     /\n    function _withdrawAttribution(uint256 _attribution, address _to)\n        internal\n        returns (uint256 _retVal)\n    {\n        require(\n            attributions[msg.sender] &gt;= _attribution,\n            ""ERROR_WITHDRAW-ATTRIBUTION_BADCONDITOONS""\n        );\n        _retVal = (_attribution * valueAll()) / totalAttributions;\n\n        attributions[msg.sender] -= _attribution;\n        totalAttributions -= _attribution;\n\n        if (available() &lt; _retVal) {\n            uint256 _shortage = _retVal - available();\n            _unutilize(_shortage);\n        }\n\n        balance -= _retVal;\n        IERC20(token).safeTransfer(_to, _retVal);\n    }\n\n    /\n     * @notice an address that has balance in the vault can transfer value denominated in attribution\n     * @param _amount amount of attribution to transfer\n     * @param _destination reciepient of attribution\n     /\n    function transferAttribution(uint256 _amount, address _destination)\n        external\n        override\n    {\n        require(_destination != address(0), ""ERROR_ZERO_ADDRESS"");\n\n        require(\n            _amount != 0 &amp;&amp; attributions[msg.sender] &gt;= _amount,\n            ""ERROR_TRANSFER-ATTRIBUTION_BADCONDITOONS""\n        );\n\n        attributions[msg.sender] -= _amount;\n        attributions[_destination] += _amount;\n    }\n\n    /\n     * @notice the controller can utilize all available stored funds\n     * @return _amount amount of tokens utilized\n     */\n    function utilize() external override returns (uint256 _amount) {\n        if (keeper != address(0)) {\n            require(msg.sender == keeper, ""ERROR_NOT_KEEPER"");\n        }\n        _amount = available(); //balance\n        if (_amount &gt; 0) {\n            IERC20(token).safeTransfer(address(controller), _amount);\n            balance -= _amount;\n            controller.earn(address(token), _amount);\n        }\n    }\n\n    /\n     * @notice get attribution number for the specified address\n     * @param _target target address\n     * @return amount of attritbution\n     /\n\n    function attributionOf(address _target)\n        external\n        view\n        override\n        returns (uint256)\n    {\n        return attributions[_target];\n    }\n\n    /\n     * @notice get all attribution number for this contract\n     * @return amount of all attribution\n     /\n    function attributionAll() external view returns (uint256) {\n        return totalAttributions;\n    }\n\n    /\n     * @notice Convert attribution number into underlying assset value\n     * @param _attribution amount of attribution\n     * @return token value of input attribution\n     */\n    function attributionValue(uint256 _attribution)\n        external\n        view\n        override\n        returns (uint256)\n    {\n        if (totalAttributions &gt; 0 &amp;&amp; _attribution &gt; 0) {\n            return (_attribution * valueAll()) / totalAttributions;\n        } else {\n            return 0;\n        }\n    }\n\n    /\n     * @notice return underlying value of the specified address\n     * @param _target target address\n     * @return token value of target address\n     /\n    function underlyingValue(address _target)\n        public\n        view\n        override\n        returns (uint256)\n    {\n        if (attributions[_target] &gt; 0) {\n            return (valueAll() * attributions[_target]) / totalAttributions;\n        } else {\n            return 0;\n        }\n    }\n\n    /\n     * @notice return underlying value of this contract\n     * @return all token value of the vault\n     /\n    function valueAll() public view returns (uint256) {\n        if (address(controller) != address(0)) {\n            return balance + controller.valueAll();\n        } else {\n            return balance;\n        }\n    }\n\n    /\n     * @notice internal function to unutilize the funds and keep utilization rate\n     * @param _amount amount to withdraw from controller\n     */\n    function _unutilize(uint256 _amount) internal {\n        require(address(controller) != address(0), ""ERROR_CONTROLLER_NOT_SET"");\n\n        controller.withdraw(address(this), _amount);\n        balance += _amount;\n    }\n\n    /\n     * @notice return how much funds in this contract is available to be utilized\n     * @return available balance to utilize\n     /\n    function available() public view returns (uint256) {\n        return balance - totalDebt;\n    }\n\n    /\n     * @notice return how much price for each attribution\n     * @return value of one share of attribution\n     /\n    function getPricePerFullShare() public view returns (uint256) {\n        return (valueAll() * MAGIC_SCALE_1E6) / totalAttributions;\n    }\n\n    /\n     * onlyOwner\n     */\n\n    /\n     * @notice withdraw redundant token stored in this contract\n     * @param _token token address\n     * @param _to beneficiary\'s address\n     /\n    function withdrawRedundant(address _token, address _to)\n        external\n        override\n        onlyOwner\n    {\n        if (\n            _token == address(token) &amp;&amp;\n            balance &lt; IERC20(token).balanceOf(address(this))\n        ) {\n            uint256 _redundant = IERC20(token).balanceOf(address(this)) -\n                balance;\n            IERC20(token).safeTransfer(_to, _redundant);\n        } else if (IERC20(_token).balanceOf(address(this)) &gt; 0) {\n            IERC20(_token).safeTransfer(\n                _to,\n                IERC20(_token).balanceOf(address(this))\n            );\n        }\n    }\n\n    /\n     * @notice admin function to set controller address\n     * @param _controller address of the controller\n     /\n    function setController(address _controller) public override onlyOwner {\n        require(_controller != address(0), ""ERROR_ZERO_ADDRESS"");\n\n        if (address(controller) != address(0)) {\n            controller.migrate(address(_controller));\n            controller = IController(_controller);\n        } else {\n            controller = IController(_controller);\n        }\n\n        emit ControllerSet(_controller);\n    }\n\n    /*\n     * @notice the controller can utilize all available stored funds\n     * @param _keeper keeper address\n     /\n    function setKeeper(address _keeper) external override onlyOwner {\n        if (keeper != _keeper) {\n            keeper = _keeper;\n        }\n    }\n}\n', 'ideas': ' Uninitialized Return Variable Identified.\n\n\nUNINITIALIZED RETURN VARIABLE\n\'\'\'\nIn the function `withdrawValue`, the return variable `_attributions` is declared but not explicitly initialized before it is used in the return statement. The function calculates `_attributions` based on the total attributions and the amount being withdrawn, but if the condition in the require statement fails, `_attributions` will not be assigned any value, leading to unpredictable behavior.\n\nTo mitigate this vulnerability, ensure that `_attributions` is initialized to a default value (e.g., 0) at the beginning of the function. This guarantees that the variable has a defined state regardless of the execution path.\n\nRecommended fix:\nsolidity\nfunction withdrawValue(uint256 _amount, address _to)\n    external\n    override\n    returns (uint256 _attributions)\n{\n    // Initialize _attributions to 0\n    _attributions = 0;\n\n    require(\n        attributions[msg.sender] &gt; 0 &amp;&amp;\n            underlyingValue(msg.sender) &gt;= _amount,\n        ""ERROR_WITHDRAW-VALUE_BADCONDITOONS""\n    );\n    _attributions = (totalAttributions * _amount) / valueAll();\n\n    attributions[msg.sender] -= _attributions;\n    totalAttributions -= _attributions;\n\n    if (available() &lt; _amount) {\n        //when USDC in this contract isn\'t enough\n        uint256 _shortage = _amount - available();\n        _unutilize(_shortage);\n\n        assert(available() &gt;= _amount);\n    }\n\n    balance -= _amount;\n    IERC20(token).safeTransfer(_to, _amount);\n}\n\'\'\'\n```'} |
| **memory** | No existed memory |
| **model_type** | ModelType.GPT_4_O_MINI |

[2024-10-08 11:56:46 INFO] System: **[RolePlaying]**

| Parameter | Value |
| --- | --- |
| **assistant_role_name** | Security Analyst |
| **user_role_name** | Solidity Programming Expert |
| **assistant_role_prompt** | {chatdev_prompt} You are Security Analyst. Now, we are both working at ChatDev and share a common interest in collaborating to successfully execute a marketing strategy for a new customer. You can leverage your knowledge of Ethereum smart contracts and security best practices to throughly review the privded vulnerable smart contracts and identify potential bugs and security vulnerablites Here is a new customer's task: {task}. To complete the task,  you must write a response that appropriately solves the requested instruction based on your expertise and customer's needs. |
| **user_role_prompt** | {chatdev_prompt} You are Solidity Programming Expert. Now, we are both working at ChatDev and share a common interest in collaborating to successfully execute a marketing strategy for a new customer. You can analyze the code structure, logic, and implementation details of the contracts. You have extensive computing and coding experience in Solidity programming language. Here is a new customer's task: {task}. To complete the task,  you must write a response that appropriately solves the requested instruction based on your expertise and customer's needs. |
| **task_prompt** | pragma solidity 0.8.7; /*  * @author InsureDAO  * @title InsureDAO vault contract  * @notice  * SPDX-License-Identifier: GPL-3.0  / import ""@openzeppelin/contracts/token/ERC20/IERC20.sol""; import ""@openzeppelin/contracts/token/ERC20/utils/SafeERC20.sol""; import ""./interfaces/IOwnership.sol""; import ""./interfaces/IVault.sol""; import ""./interfaces/IController.sol""; import ""./interfaces/IRegistry.sol""; contract Vault is IVault {     using SafeERC20 for IERC20; /**  * Storage  */  address public override token; IController public controller; IRegistry public registry; IOwnership public ownership;  mapping(address =&gt; uint256) public override debts; mapping(address =&gt; uint256) public attributions; uint256 public totalAttributions;  address public keeper; //keeper can operate utilize(), if address zero, anyone can operate. uint256 public balance; //balance of underlying token uint256 public totalDebt; //total debt balance. 1debt:1token  uint256 public constant MAGIC_SCALE_1E6 = 1e6; //internal multiplication scale 1e6 to reduce decimal truncation    event ControllerSet(address controller);  modifier onlyOwner() {     require(         ownership.owner() == msg.sender,         ""Restricted: caller is not allowed to operate""     );     _; }  modifier onlyMarket() {     require(         IRegistry(registry).isListed(msg.sender),         ""ERROR_ONLY_MARKET""     );     _; }  constructor(     address _token,     address _registry,     address _controller,     address _ownership ) {     require(_token != address(0));     require(_registry != address(0));     require(_ownership != address(0));     //controller can be zero      token = _token;     registry = IRegistry(_registry);     controller = IController(_controller);     ownership = IOwnership(_ownership); }  /**  * Vault Functions  */  /**  * @notice A market contract can deposit collateral and get attribution point in return  * @param  _amount amount of tokens to deposit  * @param _from sender's address  * @param _beneficiaries beneficiary's address array  * @param _shares funds share within beneficiaries (100% = 1e6)  * @return _allocations attribution amount generated from the transaction  */ function addValueBatch(     uint256 _amount,     address _from,     address[2] memory _beneficiaries,     uint256[2] memory _shares ) external override onlyMarket returns (uint256[2] memory _allocations) {      require(_shares[0] + _shares[1] == 1000000, ""ERROR_INCORRECT_SHARE"");      uint256 _attributions;     if (totalAttributions == 0) {         _attributions = _amount;     } else {         uint256 _pool = valueAll();         _attributions = (_amount * totalAttributions) / _pool;     }     IERC20(token).safeTransferFrom(_from, address(this), _amount);      balance += _amount;     totalAttributions += _attributions;     for (uint128 i = 0; i &lt; 2; i++) {         uint256 _allocation = (_shares[i] * _attributions) / MAGIC_SCALE_1E6;         attributions[_beneficiaries[i]] += _allocation;         _allocations[i] = _allocation;     } }  /**  * @notice A market contract can deposit collateral and get attribution point in return  * @param  _amount amount of tokens to deposit  * @param _from sender's address  * @param _beneficiary beneficiary's address  * @return _attributions attribution amount generated from the transaction  */  function addValue(     uint256 _amount,     address _from,     address _beneficiary ) external override onlyMarket returns (uint256 _attributions) {      if (totalAttributions == 0) {         _attributions = _amount;     } else {         uint256 _pool = valueAll();         _attributions = (_amount * totalAttributions) / _pool;     }     IERC20(token).safeTransferFrom(_from, address(this), _amount);     balance += _amount;     totalAttributions += _attributions;     attributions[_beneficiary] += _attributions; }  /**  * @notice an address that has balance in the vault can withdraw underlying value  * @param _amount amount of tokens to withdraw  * @param _to address to get underlying tokens  * @return _attributions amount of attributions burnet  */ function withdrawValue(uint256 _amount, address _to)     external     override     returns (uint256 _attributions) {     require(         attributions[msg.sender] &gt; 0 &amp;&amp;             underlyingValue(msg.sender) &gt;= _amount,         ""ERROR_WITHDRAW-VALUE_BADCONDITOONS""     );     _attributions = (totalAttributions * _amount) / valueAll();      attributions[msg.sender] -= _attributions;     totalAttributions -= _attributions;      if (available() &lt; _amount) {         //when USDC in this contract isn't enough         uint256 _shortage = _amount - available();         _unutilize(_shortage);          assert(available() &gt;= _amount);     }      balance -= _amount;     IERC20(token).safeTransfer(_to, _amount); }  /**  * @notice an address that has balance in the vault can transfer underlying value  * @param _amount sender of value  * @param _destination reciepient of value  */  function transferValue(uint256 _amount, address _destination)     external     override     returns (uint256 _attributions) {     require(         attributions[msg.sender] &gt; 0 &amp;&amp;             underlyingValue(msg.sender) &gt;= _amount,         ""ERROR_TRANSFER-VALUE_BADCONDITOONS""     );     _attributions = (_amount * totalAttributions) / valueAll();     attributions[msg.sender] -= _attributions;     attributions[_destination] += _attributions; }  /**  * @notice a registered contract can borrow balance from the vault  * @param _amount borrow amount  * @param _to borrower's address  */ function borrowValue(uint256 _amount, address _to) external onlyMarket override {     debts[msg.sender] += _amount;     totalDebt += _amount;      IERC20(token).safeTransfer(_to, _amount); }  /**  * @notice an address that has balance in the vault can offset an address's debt  * @param _amount debt amount to offset  * @param _target borrower's address  */  function offsetDebt(uint256 _amount, address _target)     external     override     returns (uint256 _attributions) {     require(         attributions[msg.sender] &gt; 0 &amp;&amp;             underlyingValue(msg.sender) &gt;= _amount,         ""ERROR_REPAY_DEBT_BADCONDITOONS""     );     _attributions = (_amount * totalAttributions) / valueAll();     attributions[msg.sender] -= _attributions;     totalAttributions -= _attributions;     balance -= _amount;     debts[_target] -= _amount;     totalDebt -= _amount; }  /**  * @notice a registerd market can transfer their debt to system debt  * @param _amount debt amount to transfer  * @dev will be called when CDS could not afford when resume the market.  */ function transferDebt(uint256 _amount) external onlyMarket override {      if(_amount != 0){         debts[msg.sender] -= _amount;         debts[address(0)] += _amount;     } }  /**  * @notice anyone can repay the system debt by sending tokens to this contract  * @param _amount debt amount to repay  * @param _target borrower's address  */ function repayDebt(uint256 _amount, address _target) external override {     uint256 _debt = debts[_target];     if (_debt &gt;= _amount) {         debts[_target] -= _amount;         totalDebt -= _amount;         IERC20(token).safeTransferFrom(msg.sender, address(this), _amount);     } else {         debts[_target] = 0;         totalDebt -= _debt;         IERC20(token).safeTransferFrom(msg.sender, address(this), _debt);     } }  /**  * @notice an address that has balance in the vault can withdraw value denominated in attribution  * @param _attribution amount of attribution to burn  * @param _to beneficiary's address  * @return _retVal number of tokens withdrawn from the transaction  */ function withdrawAttribution(uint256 _attribution, address _to)     external     override     returns (uint256 _retVal) {     _retVal = _withdrawAttribution(_attribution, _to); }  /**  * @notice an address that has balance in the vault can withdraw all value  * @param _to beneficiary's address  * @return _retVal number of tokens withdrawn from the transaction  */ function withdrawAllAttribution(address _to)     external     override     returns (uint256 _retVal) {     _retVal = _withdrawAttribution(attributions[msg.sender], _to); }  /**  * @notice an address that has balance in the vault can withdraw all value  * @param _attribution amount of attribution to burn  * @param _to beneficiary's address  * @return _retVal number of tokens withdrawn from the transaction  */ function _withdrawAttribution(uint256 _attribution, address _to)     internal     returns (uint256 _retVal) {     require(         attributions[msg.sender] &gt;= _attribution,         ""ERROR_WITHDRAW-ATTRIBUTION_BADCONDITOONS""     );     _retVal = (_attribution * valueAll()) / totalAttributions;      attributions[msg.sender] -= _attribution;     totalAttributions -= _attribution;      if (available() &lt; _retVal) {         uint256 _shortage = _retVal - available();         _unutilize(_shortage);     }      balance -= _retVal;     IERC20(token).safeTransfer(_to, _retVal); }  /**  * @notice an address that has balance in the vault can transfer value denominated in attribution  * @param _amount amount of attribution to transfer  * @param _destination reciepient of attribution  */ function transferAttribution(uint256 _amount, address _destination)     external     override {     require(_destination != address(0), ""ERROR_ZERO_ADDRESS"");      require(         _amount != 0 &amp;&amp; attributions[msg.sender] &gt;= _amount,         ""ERROR_TRANSFER-ATTRIBUTION_BADCONDITOONS""     );      attributions[msg.sender] -= _amount;     attributions[_destination] += _amount; }  /**  * @notice the controller can utilize all available stored funds  * @return _amount amount of tokens utilized  */ function utilize() external override returns (uint256 _amount) {     if (keeper != address(0)) {         require(msg.sender == keeper, ""ERROR_NOT_KEEPER"");     }     _amount = available(); //balance     if (_amount &gt; 0) {         IERC20(token).safeTransfer(address(controller), _amount);         balance -= _amount;         controller.earn(address(token), _amount);     } }  /**  * @notice get attribution number for the specified address  * @param _target target address  * @return amount of attritbution  */  function attributionOf(address _target)     external     view     override     returns (uint256) {     return attributions[_target]; }  /**  * @notice get all attribution number for this contract  * @return amount of all attribution  */ function attributionAll() external view returns (uint256) {     return totalAttributions; }  /**  * @notice Convert attribution number into underlying assset value  * @param _attribution amount of attribution  * @return token value of input attribution  */ function attributionValue(uint256 _attribution)     external     view     override     returns (uint256) {     if (totalAttributions &gt; 0 &amp;&amp; _attribution &gt; 0) {         return (_attribution * valueAll()) / totalAttributions;     } else {         return 0;     } }  /**  * @notice return underlying value of the specified address  * @param _target target address  * @return token value of target address  */ function underlyingValue(address _target)     public     view     override     returns (uint256) {     if (attributions[_target] &gt; 0) {         return (valueAll() * attributions[_target]) / totalAttributions;     } else {         return 0;     } }  /**  * @notice return underlying value of this contract  * @return all token value of the vault  */ function valueAll() public view returns (uint256) {     if (address(controller) != address(0)) {         return balance + controller.valueAll();     } else {         return balance;     } }  /**  * @notice internal function to unutilize the funds and keep utilization rate  * @param _amount amount to withdraw from controller  */ function _unutilize(uint256 _amount) internal {     require(address(controller) != address(0), ""ERROR_CONTROLLER_NOT_SET"");      controller.withdraw(address(this), _amount);     balance += _amount; }  /**  * @notice return how much funds in this contract is available to be utilized  * @return available balance to utilize  */ function available() public view returns (uint256) {     return balance - totalDebt; }  /**  * @notice return how much price for each attribution  * @return value of one share of attribution  */ function getPricePerFullShare() public view returns (uint256) {     return (valueAll() * MAGIC_SCALE_1E6) / totalAttributions; }  /**  * onlyOwner  */  /**  * @notice withdraw redundant token stored in this contract  * @param _token token address  * @param _to beneficiary's address  */ function withdrawRedundant(address _token, address _to)     external     override     onlyOwner {     if (         _token == address(token) &amp;&amp;         balance &lt; IERC20(token).balanceOf(address(this))     ) {         uint256 _redundant = IERC20(token).balanceOf(address(this)) -             balance;         IERC20(token).safeTransfer(_to, _redundant);     } else if (IERC20(_token).balanceOf(address(this)) &gt; 0) {         IERC20(_token).safeTransfer(             _to,             IERC20(_token).balanceOf(address(this))         );     } }  /**  * @notice admin function to set controller address  * @param _controller address of the controller  */ function setController(address _controller) public override onlyOwner {     require(_controller != address(0), ""ERROR_ZERO_ADDRESS"");      if (address(controller) != address(0)) {         controller.migrate(address(_controller));         controller = IController(_controller);     } else {         controller = IController(_controller);     }      emit ControllerSet(_controller); }  /**  * @notice the controller can utilize all available stored funds  * @param _keeper keeper address  */ function setKeeper(address _keeper) external override onlyOwner {     if (keeper != _keeper) {         keeper = _keeper;     } }  } |
| **with_task_specify** | False |
| **memory** | No existed memory |
| **model_type** | ModelType.GPT_4_O_MINI |
| **background_prompt** | We are a specialized team that audits Solidity smart contracts using an advanced multi-agent system. Our approach combines the expertise of project management, smart contract counseling, auditing, and Solidity programming to deliver comprehensive and reliable contract assessments. |

[2024-10-08 11:56:46 INFO] Solidity Programming Expert: **[Start Chat]**

[We are a specialized team that audits Solidity smart contracts using an advanced multi-agent system. Our approach combines the expertise of project management, smart contract counseling, auditing, and Solidity programming to deliver comprehensive and reliable contract assessments.
You are Security Analyst. Now, we are both working at ChatDev and share a common interest in collaborating to successfully execute a marketing strategy for a new customer.
You can leverage your knowledge of Ethereum smart contracts and security best practices to throughly review the privded vulnerable smart contracts and identify potential bugs and security vulnerablites
Here is a new customer's task: pragma solidity 0.8.7;

/**
 * @author InsureDAO
 * @title InsureDAO vault contract
 * @notice
 * SPDX-License-Identifier: GPL-3.0
 */
import ""@openzeppelin/contracts/token/ERC20/IERC20.sol"";
import ""@openzeppelin/contracts/token/ERC20/utils/SafeERC20.sol"";

import ""./interfaces/IOwnership.sol"";
import ""./interfaces/IVault.sol"";

import ""./interfaces/IController.sol"";
import ""./interfaces/IRegistry.sol"";

contract Vault is IVault {
    using SafeERC20 for IERC20;

    /**
     * Storage
     */

    address public override token;
    IController public controller;
    IRegistry public registry;
    IOwnership public ownership;

    mapping(address => uint256) public override debts;
    mapping(address => uint256) public attributions;
    uint256 public totalAttributions;

    address public keeper; //keeper can operate utilize(), if address zero, anyone can operate.
    uint256 public balance; //balance of underlying token
    uint256 public totalDebt; //total debt balance. 1debt:1token

    uint256 public constant MAGIC_SCALE_1E6 = 1e6; //internal multiplication scale 1e6 to reduce decimal truncation



    event ControllerSet(address controller);

    modifier onlyOwner() {
        require(
            ownership.owner() == msg.sender,
            ""Restricted: caller is not allowed to operate""
        );
        _;
    }

    modifier onlyMarket() {
        require(
            IRegistry(registry).isListed(msg.sender),
            ""ERROR_ONLY_MARKET""
        );
        _;
    }

    constructor(
        address _token,
        address _registry,
        address _controller,
        address _ownership
    ) {
        require(_token != address(0));
        require(_registry != address(0));
        require(_ownership != address(0));
        //controller can be zero

        token = _token;
        registry = IRegistry(_registry);
        controller = IController(_controller);
        ownership = IOwnership(_ownership);
    }

    /**
     * Vault Functions
     */

    /**
     * @notice A market contract can deposit collateral and get attribution point in return
     * @param  _amount amount of tokens to deposit
     * @param _from sender's address
     * @param _beneficiaries beneficiary's address array
     * @param _shares funds share within beneficiaries (100% = 1e6)
     * @return _allocations attribution amount generated from the transaction
     */
    function addValueBatch(
        uint256 _amount,
        address _from,
        address[2] memory _beneficiaries,
        uint256[2] memory _shares
    ) external override onlyMarket returns (uint256[2] memory _allocations) {
        
        require(_shares[0] + _shares[1] == 1000000, ""ERROR_INCORRECT_SHARE"");

        uint256 _attributions;
        if (totalAttributions == 0) {
            _attributions = _amount;
        } else {
            uint256 _pool = valueAll();
            _attributions = (_amount * totalAttributions) / _pool;
        }
        IERC20(token).safeTransferFrom(_from, address(this), _amount);

        balance += _amount;
        totalAttributions += _attributions;
        for (uint128 i = 0; i < 2; i++) {
            uint256 _allocation = (_shares[i] * _attributions) / MAGIC_SCALE_1E6;
            attributions[_beneficiaries[i]] += _allocation;
            _allocations[i] = _allocation;
        }
    }

    /**
     * @notice A market contract can deposit collateral and get attribution point in return
     * @param  _amount amount of tokens to deposit
     * @param _from sender's address
     * @param _beneficiary beneficiary's address
     * @return _attributions attribution amount generated from the transaction
     */

    function addValue(
        uint256 _amount,
        address _from,
        address _beneficiary
    ) external override onlyMarket returns (uint256 _attributions) {

        if (totalAttributions == 0) {
            _attributions = _amount;
        } else {
            uint256 _pool = valueAll();
            _attributions = (_amount * totalAttributions) / _pool;
        }
        IERC20(token).safeTransferFrom(_from, address(this), _amount);
        balance += _amount;
        totalAttributions += _attributions;
        attributions[_beneficiary] += _attributions;
    }

    /**
     * @notice an address that has balance in the vault can withdraw underlying value
     * @param _amount amount of tokens to withdraw
     * @param _to address to get underlying tokens
     * @return _attributions amount of attributions burnet
     */
    function withdrawValue(uint256 _amount, address _to)
        external
        override
        returns (uint256 _attributions)
    {
        require(
            attributions[msg.sender] > 0 &&
                underlyingValue(msg.sender) >= _amount,
            ""ERROR_WITHDRAW-VALUE_BADCONDITOONS""
        );
        _attributions = (totalAttributions * _amount) / valueAll();

        attributions[msg.sender] -= _attributions;
        totalAttributions -= _attributions;

        if (available() < _amount) {
            //when USDC in this contract isn't enough
            uint256 _shortage = _amount - available();
            _unutilize(_shortage);

            assert(available() >= _amount);
        }

        balance -= _amount;
        IERC20(token).safeTransfer(_to, _amount);
    }

    /**
     * @notice an address that has balance in the vault can transfer underlying value
     * @param _amount sender of value
     * @param _destination reciepient of value
     */

    function transferValue(uint256 _amount, address _destination)
        external
        override
        returns (uint256 _attributions)
    {
        require(
            attributions[msg.sender] > 0 &&
                underlyingValue(msg.sender) >= _amount,
            ""ERROR_TRANSFER-VALUE_BADCONDITOONS""
        );
        _attributions = (_amount * totalAttributions) / valueAll();
        attributions[msg.sender] -= _attributions;
        attributions[_destination] += _attributions;
    }

    /**
     * @notice a registered contract can borrow balance from the vault
     * @param _amount borrow amount
     * @param _to borrower's address
     */
    function borrowValue(uint256 _amount, address _to) external onlyMarket override {
        debts[msg.sender] += _amount;
        totalDebt += _amount;

        IERC20(token).safeTransfer(_to, _amount);
    }

    /**
     * @notice an address that has balance in the vault can offset an address's debt
     * @param _amount debt amount to offset
     * @param _target borrower's address
     */

    function offsetDebt(uint256 _amount, address _target)
        external
        override
        returns (uint256 _attributions)
    {
        require(
            attributions[msg.sender] > 0 &&
                underlyingValue(msg.sender) >= _amount,
            ""ERROR_REPAY_DEBT_BADCONDITOONS""
        );
        _attributions = (_amount * totalAttributions) / valueAll();
        attributions[msg.sender] -= _attributions;
        totalAttributions -= _attributions;
        balance -= _amount;
        debts[_target] -= _amount;
        totalDebt -= _amount;
    }

    /**
     * @notice a registerd market can transfer their debt to system debt
     * @param _amount debt amount to transfer
     * @dev will be called when CDS could not afford when resume the market.
     */
    function transferDebt(uint256 _amount) external onlyMarket override {

        if(_amount != 0){
            debts[msg.sender] -= _amount;
            debts[address(0)] += _amount;
        }
    }

    /**
     * @notice anyone can repay the system debt by sending tokens to this contract
     * @param _amount debt amount to repay
     * @param _target borrower's address
     */
    function repayDebt(uint256 _amount, address _target) external override {
        uint256 _debt = debts[_target];
        if (_debt >= _amount) {
            debts[_target] -= _amount;
            totalDebt -= _amount;
            IERC20(token).safeTransferFrom(msg.sender, address(this), _amount);
        } else {
            debts[_target] = 0;
            totalDebt -= _debt;
            IERC20(token).safeTransferFrom(msg.sender, address(this), _debt);
        }
    }

    /**
     * @notice an address that has balance in the vault can withdraw value denominated in attribution
     * @param _attribution amount of attribution to burn
     * @param _to beneficiary's address
     * @return _retVal number of tokens withdrawn from the transaction
     */
    function withdrawAttribution(uint256 _attribution, address _to)
        external
        override
        returns (uint256 _retVal)
    {
        _retVal = _withdrawAttribution(_attribution, _to);
    }

    /**
     * @notice an address that has balance in the vault can withdraw all value
     * @param _to beneficiary's address
     * @return _retVal number of tokens withdrawn from the transaction
     */
    function withdrawAllAttribution(address _to)
        external
        override
        returns (uint256 _retVal)
    {
        _retVal = _withdrawAttribution(attributions[msg.sender], _to);
    }

    /**
     * @notice an address that has balance in the vault can withdraw all value
     * @param _attribution amount of attribution to burn
     * @param _to beneficiary's address
     * @return _retVal number of tokens withdrawn from the transaction
     */
    function _withdrawAttribution(uint256 _attribution, address _to)
        internal
        returns (uint256 _retVal)
    {
        require(
            attributions[msg.sender] >= _attribution,
            ""ERROR_WITHDRAW-ATTRIBUTION_BADCONDITOONS""
        );
        _retVal = (_attribution * valueAll()) / totalAttributions;

        attributions[msg.sender] -= _attribution;
        totalAttributions -= _attribution;

        if (available() < _retVal) {
            uint256 _shortage = _retVal - available();
            _unutilize(_shortage);
        }

        balance -= _retVal;
        IERC20(token).safeTransfer(_to, _retVal);
    }

    /**
     * @notice an address that has balance in the vault can transfer value denominated in attribution
     * @param _amount amount of attribution to transfer
     * @param _destination reciepient of attribution
     */
    function transferAttribution(uint256 _amount, address _destination)
        external
        override
    {
        require(_destination != address(0), ""ERROR_ZERO_ADDRESS"");

        require(
            _amount != 0 && attributions[msg.sender] >= _amount,
            ""ERROR_TRANSFER-ATTRIBUTION_BADCONDITOONS""
        );

        attributions[msg.sender] -= _amount;
        attributions[_destination] += _amount;
    }

    /**
     * @notice the controller can utilize all available stored funds
     * @return _amount amount of tokens utilized
     */
    function utilize() external override returns (uint256 _amount) {
        if (keeper != address(0)) {
            require(msg.sender == keeper, ""ERROR_NOT_KEEPER"");
        }
        _amount = available(); //balance
        if (_amount > 0) {
            IERC20(token).safeTransfer(address(controller), _amount);
            balance -= _amount;
            controller.earn(address(token), _amount);
        }
    }

    /**
     * @notice get attribution number for the specified address
     * @param _target target address
     * @return amount of attritbution
     */

    function attributionOf(address _target)
        external
        view
        override
        returns (uint256)
    {
        return attributions[_target];
    }

    /**
     * @notice get all attribution number for this contract
     * @return amount of all attribution
     */
    function attributionAll() external view returns (uint256) {
        return totalAttributions;
    }

    /**
     * @notice Convert attribution number into underlying assset value
     * @param _attribution amount of attribution
     * @return token value of input attribution
     */
    function attributionValue(uint256 _attribution)
        external
        view
        override
        returns (uint256)
    {
        if (totalAttributions > 0 && _attribution > 0) {
            return (_attribution * valueAll()) / totalAttributions;
        } else {
            return 0;
        }
    }

    /**
     * @notice return underlying value of the specified address
     * @param _target target address
     * @return token value of target address
     */
    function underlyingValue(address _target)
        public
        view
        override
        returns (uint256)
    {
        if (attributions[_target] > 0) {
            return (valueAll() * attributions[_target]) / totalAttributions;
        } else {
            return 0;
        }
    }

    /**
     * @notice return underlying value of this contract
     * @return all token value of the vault
     */
    function valueAll() public view returns (uint256) {
        if (address(controller) != address(0)) {
            return balance + controller.valueAll();
        } else {
            return balance;
        }
    }

    /**
     * @notice internal function to unutilize the funds and keep utilization rate
     * @param _amount amount to withdraw from controller
     */
    function _unutilize(uint256 _amount) internal {
        require(address(controller) != address(0), ""ERROR_CONTROLLER_NOT_SET"");

        controller.withdraw(address(this), _amount);
        balance += _amount;
    }

    /**
     * @notice return how much funds in this contract is available to be utilized
     * @return available balance to utilize
     */
    function available() public view returns (uint256) {
        return balance - totalDebt;
    }

    /**
     * @notice return how much price for each attribution
     * @return value of one share of attribution
     */
    function getPricePerFullShare() public view returns (uint256) {
        return (valueAll() * MAGIC_SCALE_1E6) / totalAttributions;
    }

    /**
     * onlyOwner
     */

    /**
     * @notice withdraw redundant token stored in this contract
     * @param _token token address
     * @param _to beneficiary's address
     */
    function withdrawRedundant(address _token, address _to)
        external
        override
        onlyOwner
    {
        if (
            _token == address(token) &&
            balance < IERC20(token).balanceOf(address(this))
        ) {
            uint256 _redundant = IERC20(token).balanceOf(address(this)) -
                balance;
            IERC20(token).safeTransfer(_to, _redundant);
        } else if (IERC20(_token).balanceOf(address(this)) > 0) {
            IERC20(_token).safeTransfer(
                _to,
                IERC20(_token).balanceOf(address(this))
            );
        }
    }

    /**
     * @notice admin function to set controller address
     * @param _controller address of the controller
     */
    function setController(address _controller) public override onlyOwner {
        require(_controller != address(0), ""ERROR_ZERO_ADDRESS"");

        if (address(controller) != address(0)) {
            controller.migrate(address(_controller));
            controller = IController(_controller);
        } else {
            controller = IController(_controller);
        }

        emit ControllerSet(_controller);
    }

    /**
     * @notice the controller can utilize all available stored funds
     * @param _keeper keeper address
     */
    function setKeeper(address _keeper) external override onlyOwner {
        if (keeper != _keeper) {
            keeper = _keeper;
        }
    }
}
.
To complete the task,  you must write a response that appropriately solves the requested instruction based on your expertise and customer's needs.]

Given the user's task and the brainstorming ideas provided:
Task: ""pragma solidity 0.8.7;

/**
 * @author InsureDAO
 * @title InsureDAO vault contract
 * @notice
 * SPDX-License-Identifier: GPL-3.0
 */
import ""@openzeppelin/contracts/token/ERC20/IERC20.sol"";
import ""@openzeppelin/contracts/token/ERC20/utils/SafeERC20.sol"";

import ""./interfaces/IOwnership.sol"";
import ""./interfaces/IVault.sol"";

import ""./interfaces/IController.sol"";
import ""./interfaces/IRegistry.sol"";

contract Vault is IVault {
    using SafeERC20 for IERC20;

    /**
     * Storage
     */

    address public override token;
    IController public controller;
    IRegistry public registry;
    IOwnership public ownership;

    mapping(address => uint256) public override debts;
    mapping(address => uint256) public attributions;
    uint256 public totalAttributions;

    address public keeper; //keeper can operate utilize(), if address zero, anyone can operate.
    uint256 public balance; //balance of underlying token
    uint256 public totalDebt; //total debt balance. 1debt:1token

    uint256 public constant MAGIC_SCALE_1E6 = 1e6; //internal multiplication scale 1e6 to reduce decimal truncation



    event ControllerSet(address controller);

    modifier onlyOwner() {
        require(
            ownership.owner() == msg.sender,
            ""Restricted: caller is not allowed to operate""
        );
        _;
    }

    modifier onlyMarket() {
        require(
            IRegistry(registry).isListed(msg.sender),
            ""ERROR_ONLY_MARKET""
        );
        _;
    }

    constructor(
        address _token,
        address _registry,
        address _controller,
        address _ownership
    ) {
        require(_token != address(0));
        require(_registry != address(0));
        require(_ownership != address(0));
        //controller can be zero

        token = _token;
        registry = IRegistry(_registry);
        controller = IController(_controller);
        ownership = IOwnership(_ownership);
    }

    /**
     * Vault Functions
     */

    /**
     * @notice A market contract can deposit collateral and get attribution point in return
     * @param  _amount amount of tokens to deposit
     * @param _from sender's address
     * @param _beneficiaries beneficiary's address array
     * @param _shares funds share within beneficiaries (100% = 1e6)
     * @return _allocations attribution amount generated from the transaction
     */
    function addValueBatch(
        uint256 _amount,
        address _from,
        address[2] memory _beneficiaries,
        uint256[2] memory _shares
    ) external override onlyMarket returns (uint256[2] memory _allocations) {
        
        require(_shares[0] + _shares[1] == 1000000, ""ERROR_INCORRECT_SHARE"");

        uint256 _attributions;
        if (totalAttributions == 0) {
            _attributions = _amount;
        } else {
            uint256 _pool = valueAll();
            _attributions = (_amount * totalAttributions) / _pool;
        }
        IERC20(token).safeTransferFrom(_from, address(this), _amount);

        balance += _amount;
        totalAttributions += _attributions;
        for (uint128 i = 0; i < 2; i++) {
            uint256 _allocation = (_shares[i] * _attributions) / MAGIC_SCALE_1E6;
            attributions[_beneficiaries[i]] += _allocation;
            _allocations[i] = _allocation;
        }
    }

    /**
     * @notice A market contract can deposit collateral and get attribution point in return
     * @param  _amount amount of tokens to deposit
     * @param _from sender's address
     * @param _beneficiary beneficiary's address
     * @return _attributions attribution amount generated from the transaction
     */

    function addValue(
        uint256 _amount,
        address _from,
        address _beneficiary
    ) external override onlyMarket returns (uint256 _attributions) {

        if (totalAttributions == 0) {
            _attributions = _amount;
        } else {
            uint256 _pool = valueAll();
            _attributions = (_amount * totalAttributions) / _pool;
        }
        IERC20(token).safeTransferFrom(_from, address(this), _amount);
        balance += _amount;
        totalAttributions += _attributions;
        attributions[_beneficiary] += _attributions;
    }

    /**
     * @notice an address that has balance in the vault can withdraw underlying value
     * @param _amount amount of tokens to withdraw
     * @param _to address to get underlying tokens
     * @return _attributions amount of attributions burnet
     */
    function withdrawValue(uint256 _amount, address _to)
        external
        override
        returns (uint256 _attributions)
    {
        require(
            attributions[msg.sender] > 0 &&
                underlyingValue(msg.sender) >= _amount,
            ""ERROR_WITHDRAW-VALUE_BADCONDITOONS""
        );
        _attributions = (totalAttributions * _amount) / valueAll();

        attributions[msg.sender] -= _attributions;
        totalAttributions -= _attributions;

        if (available() < _amount) {
            //when USDC in this contract isn't enough
            uint256 _shortage = _amount - available();
            _unutilize(_shortage);

            assert(available() >= _amount);
        }

        balance -= _amount;
        IERC20(token).safeTransfer(_to, _amount);
    }

    /**
     * @notice an address that has balance in the vault can transfer underlying value
     * @param _amount sender of value
     * @param _destination reciepient of value
     */

    function transferValue(uint256 _amount, address _destination)
        external
        override
        returns (uint256 _attributions)
    {
        require(
            attributions[msg.sender] > 0 &&
                underlyingValue(msg.sender) >= _amount,
            ""ERROR_TRANSFER-VALUE_BADCONDITOONS""
        );
        _attributions = (_amount * totalAttributions) / valueAll();
        attributions[msg.sender] -= _attributions;
        attributions[_destination] += _attributions;
    }

    /**
     * @notice a registered contract can borrow balance from the vault
     * @param _amount borrow amount
     * @param _to borrower's address
     */
    function borrowValue(uint256 _amount, address _to) external onlyMarket override {
        debts[msg.sender] += _amount;
        totalDebt += _amount;

        IERC20(token).safeTransfer(_to, _amount);
    }

    /**
     * @notice an address that has balance in the vault can offset an address's debt
     * @param _amount debt amount to offset
     * @param _target borrower's address
     */

    function offsetDebt(uint256 _amount, address _target)
        external
        override
        returns (uint256 _attributions)
    {
        require(
            attributions[msg.sender] > 0 &&
                underlyingValue(msg.sender) >= _amount,
            ""ERROR_REPAY_DEBT_BADCONDITOONS""
        );
        _attributions = (_amount * totalAttributions) / valueAll();
        attributions[msg.sender] -= _attributions;
        totalAttributions -= _attributions;
        balance -= _amount;
        debts[_target] -= _amount;
        totalDebt -= _amount;
    }

    /**
     * @notice a registerd market can transfer their debt to system debt
     * @param _amount debt amount to transfer
     * @dev will be called when CDS could not afford when resume the market.
     */
    function transferDebt(uint256 _amount) external onlyMarket override {

        if(_amount != 0){
            debts[msg.sender] -= _amount;
            debts[address(0)] += _amount;
        }
    }

    /**
     * @notice anyone can repay the system debt by sending tokens to this contract
     * @param _amount debt amount to repay
     * @param _target borrower's address
     */
    function repayDebt(uint256 _amount, address _target) external override {
        uint256 _debt = debts[_target];
        if (_debt >= _amount) {
            debts[_target] -= _amount;
            totalDebt -= _amount;
            IERC20(token).safeTransferFrom(msg.sender, address(this), _amount);
        } else {
            debts[_target] = 0;
            totalDebt -= _debt;
            IERC20(token).safeTransferFrom(msg.sender, address(this), _debt);
        }
    }

    /**
     * @notice an address that has balance in the vault can withdraw value denominated in attribution
     * @param _attribution amount of attribution to burn
     * @param _to beneficiary's address
     * @return _retVal number of tokens withdrawn from the transaction
     */
    function withdrawAttribution(uint256 _attribution, address _to)
        external
        override
        returns (uint256 _retVal)
    {
        _retVal = _withdrawAttribution(_attribution, _to);
    }

    /**
     * @notice an address that has balance in the vault can withdraw all value
     * @param _to beneficiary's address
     * @return _retVal number of tokens withdrawn from the transaction
     */
    function withdrawAllAttribution(address _to)
        external
        override
        returns (uint256 _retVal)
    {
        _retVal = _withdrawAttribution(attributions[msg.sender], _to);
    }

    /**
     * @notice an address that has balance in the vault can withdraw all value
     * @param _attribution amount of attribution to burn
     * @param _to beneficiary's address
     * @return _retVal number of tokens withdrawn from the transaction
     */
    function _withdrawAttribution(uint256 _attribution, address _to)
        internal
        returns (uint256 _retVal)
    {
        require(
            attributions[msg.sender] >= _attribution,
            ""ERROR_WITHDRAW-ATTRIBUTION_BADCONDITOONS""
        );
        _retVal = (_attribution * valueAll()) / totalAttributions;

        attributions[msg.sender] -= _attribution;
        totalAttributions -= _attribution;

        if (available() < _retVal) {
            uint256 _shortage = _retVal - available();
            _unutilize(_shortage);
        }

        balance -= _retVal;
        IERC20(token).safeTransfer(_to, _retVal);
    }

    /**
     * @notice an address that has balance in the vault can transfer value denominated in attribution
     * @param _amount amount of attribution to transfer
     * @param _destination reciepient of attribution
     */
    function transferAttribution(uint256 _amount, address _destination)
        external
        override
    {
        require(_destination != address(0), ""ERROR_ZERO_ADDRESS"");

        require(
            _amount != 0 && attributions[msg.sender] >= _amount,
            ""ERROR_TRANSFER-ATTRIBUTION_BADCONDITOONS""
        );

        attributions[msg.sender] -= _amount;
        attributions[_destination] += _amount;
    }

    /**
     * @notice the controller can utilize all available stored funds
     * @return _amount amount of tokens utilized
     */
    function utilize() external override returns (uint256 _amount) {
        if (keeper != address(0)) {
            require(msg.sender == keeper, ""ERROR_NOT_KEEPER"");
        }
        _amount = available(); //balance
        if (_amount > 0) {
            IERC20(token).safeTransfer(address(controller), _amount);
            balance -= _amount;
            controller.earn(address(token), _amount);
        }
    }

    /**
     * @notice get attribution number for the specified address
     * @param _target target address
     * @return amount of attritbution
     */

    function attributionOf(address _target)
        external
        view
        override
        returns (uint256)
    {
        return attributions[_target];
    }

    /**
     * @notice get all attribution number for this contract
     * @return amount of all attribution
     */
    function attributionAll() external view returns (uint256) {
        return totalAttributions;
    }

    /**
     * @notice Convert attribution number into underlying assset value
     * @param _attribution amount of attribution
     * @return token value of input attribution
     */
    function attributionValue(uint256 _attribution)
        external
        view
        override
        returns (uint256)
    {
        if (totalAttributions > 0 && _attribution > 0) {
            return (_attribution * valueAll()) / totalAttributions;
        } else {
            return 0;
        }
    }

    /**
     * @notice return underlying value of the specified address
     * @param _target target address
     * @return token value of target address
     */
    function underlyingValue(address _target)
        public
        view
        override
        returns (uint256)
    {
        if (attributions[_target] > 0) {
            return (valueAll() * attributions[_target]) / totalAttributions;
        } else {
            return 0;
        }
    }

    /**
     * @notice return underlying value of this contract
     * @return all token value of the vault
     */
    function valueAll() public view returns (uint256) {
        if (address(controller) != address(0)) {
            return balance + controller.valueAll();
        } else {
            return balance;
        }
    }

    /**
     * @notice internal function to unutilize the funds and keep utilization rate
     * @param _amount amount to withdraw from controller
     */
    function _unutilize(uint256 _amount) internal {
        require(address(controller) != address(0), ""ERROR_CONTROLLER_NOT_SET"");

        controller.withdraw(address(this), _amount);
        balance += _amount;
    }

    /**
     * @notice return how much funds in this contract is available to be utilized
     * @return available balance to utilize
     */
    function available() public view returns (uint256) {
        return balance - totalDebt;
    }

    /**
     * @notice return how much price for each attribution
     * @return value of one share of attribution
     */
    function getPricePerFullShare() public view returns (uint256) {
        return (valueAll() * MAGIC_SCALE_1E6) / totalAttributions;
    }

    /**
     * onlyOwner
     */

    /**
     * @notice withdraw redundant token stored in this contract
     * @param _token token address
     * @param _to beneficiary's address
     */
    function withdrawRedundant(address _token, address _to)
        external
        override
        onlyOwner
    {
        if (
            _token == address(token) &&
            balance < IERC20(token).balanceOf(address(this))
        ) {
            uint256 _redundant = IERC20(token).balanceOf(address(this)) -
                balance;
            IERC20(token).safeTransfer(_to, _redundant);
        } else if (IERC20(_token).balanceOf(address(this)) > 0) {
            IERC20(_token).safeTransfer(
                _to,
                IERC20(_token).balanceOf(address(this))
            );
        }
    }

    /**
     * @notice admin function to set controller address
     * @param _controller address of the controller
     */
    function setController(address _controller) public override onlyOwner {
        require(_controller != address(0), ""ERROR_ZERO_ADDRESS"");

        if (address(controller) != address(0)) {
            controller.migrate(address(_controller));
            controller = IController(_controller);
        } else {
            controller = IController(_controller);
        }

        emit ControllerSet(_controller);
    }

    /**
     * @notice the controller can utilize all available stored funds
     * @param _keeper keeper address
     */
    function setKeeper(address _keeper) external override onlyOwner {
        if (keeper != _keeper) {
            keeper = _keeper;
        }
    }
}
"".
Ideas: "" Uninitialized Return Variable Identified.

```
UNINITIALIZED RETURN VARIABLE
'''
In the function `withdrawValue`, the return variable `_attributions` is declared but not explicitly initialized before it is used in the return statement. The function calculates `_attributions` based on the total attributions and the amount being withdrawn, but if the condition in the require statement fails, `_attributions` will not be assigned any value, leading to unpredictable behavior.

To mitigate this vulnerability, ensure that `_attributions` is initialized to a default value (e.g., 0) at the beginning of the function. This guarantees that the variable has a defined state regardless of the execution path.

Recommended fix:
```solidity
function withdrawValue(uint256 _amount, address _to)
    external
    override
    returns (uint256 _attributions)
{
    // Initialize _attributions to 0
    _attributions = 0;

    require(
        attributions[msg.sender] > 0 &&
            underlyingValue(msg.sender) >= _amount,
        ""ERROR_WITHDRAW-VALUE_BADCONDITOONS""
    );
    _attributions = (totalAttributions * _amount) / valueAll();

    attributions[msg.sender] -= _attributions;
    totalAttributions -= _attributions;

    if (available() < _amount) {
        //when USDC in this contract isn't enough
        uint256 _shortage = _amount - available();
        _unutilize(_shortage);

        assert(available() >= _amount);
    }

    balance -= _amount;
    IERC20(token).safeTransfer(_to, _amount);
}
'''
```"".
As the Security Analyst, your primary objective is to perform a thorough and detailed inspection of the provided contract code, with a particular focus on identifying vulnerabilities related to `Misdeclared Constructor`. This type of vulnerability occurs when a constructor is incorrectly declared using outdated syntax, causing it to be treated as a normal function rather than a constructor. This can lead to unauthorized initialization or modification of contract state variables.
Proceed with the following steps in your analysis:
1. Scrutinize the contract's code to identify any functions that are intended to be constructors.
2. Look for functions that have the same name as the contract and determine if they are intended to act as constructors. In modern Solidity versions, constructors should use the `constructor` keyword instead.
3. Check if these functions are public and can be called by any user, leading to potential unauthorized access or modification of contract state variables.
4. Evaluate the overall contract initialization logic to ensure that constructors are correctly declared and that no unintended public functions exist that can initialize or modify contract state variables.
If you discover any Misdeclared Constructor vulnerabilities, respond with: """,,"<INFO> Missing 'onlyOwner' Modifier Identified.

VULNERABILITY: Missing 'onlyOwner' Modifier
'''
The contract has several functions that can be executed without the `onlyOwner` modifier, which is intended to restrict access to certain critical functionalities. Specifically, the `setController` and `setKeeper` functions are designed to allow the contract owner to set the controller and keeper addresses, respectively. However, if these functions are not properly restricted, any user can call them, potentially leading to unauthorized changes in the contract's state. This could allow malicious actors to change the controller to a malicious contract or set the keeper to an unauthorized address, leading to loss of funds or control over the contract.

Recommended Mitigation/Fix:
- Ensure that the `setController` and `setKeeper` functions include the `onlyOwner` modifier to restrict access to only the contract owner. This will prevent unauthorized users from executing these critical functions and protect the integrity of the contract.
'''

[2024-10-08 11:56:52 INFO] **[Execute Detail]**

execute SimplePhase:[MisuseMsgValueDetector] in ComposedPhase:[CodeReview], cycle 1

[2024-10-08 11:56:52 INFO] System: **[chatting]**

| Parameter | Value |
| --- | --- |
| **task_prompt** | pragma solidity 0.8.7; /*  * @author InsureDAO  * @title InsureDAO vault contract  * @notice  * SPDX-License-Identifier: GPL-3.0  / import ""@openzeppelin/contracts/token/ERC20/IERC20.sol""; import ""@openzeppelin/contracts/token/ERC20/utils/SafeERC20.sol""; import ""./interfaces/IOwnership.sol""; import ""./interfaces/IVault.sol""; import ""./interfaces/IController.sol""; import ""./interfaces/IRegistry.sol""; contract Vault is IVault {     using SafeERC20 for IERC20; /**  * Storage  */  address public override token; IController public controller; IRegistry public registry; IOwnership public ownership;  mapping(address =&gt; uint256) public override debts; mapping(address =&gt; uint256) public attributions; uint256 public totalAttributions;  address public keeper; //keeper can operate utilize(), if address zero, anyone can operate. uint256 public balance; //balance of underlying token uint256 public totalDebt; //total debt balance. 1debt:1token  uint256 public constant MAGIC_SCALE_1E6 = 1e6; //internal multiplication scale 1e6 to reduce decimal truncation    event ControllerSet(address controller);  modifier onlyOwner() {     require(         ownership.owner() == msg.sender,         ""Restricted: caller is not allowed to operate""     );     _; }  modifier onlyMarket() {     require(         IRegistry(registry).isListed(msg.sender),         ""ERROR_ONLY_MARKET""     );     _; }  constructor(     address _token,     address _registry,     address _controller,     address _ownership ) {     require(_token != address(0));     require(_registry != address(0));     require(_ownership != address(0));     //controller can be zero      token = _token;     registry = IRegistry(_registry);     controller = IController(_controller);     ownership = IOwnership(_ownership); }  /**  * Vault Functions  */  /**  * @notice A market contract can deposit collateral and get attribution point in return  * @param  _amount amount of tokens to deposit  * @param _from sender's address  * @param _beneficiaries beneficiary's address array  * @param _shares funds share within beneficiaries (100% = 1e6)  * @return _allocations attribution amount generated from the transaction  */ function addValueBatch(     uint256 _amount,     address _from,     address[2] memory _beneficiaries,     uint256[2] memory _shares ) external override onlyMarket returns (uint256[2] memory _allocations) {      require(_shares[0] + _shares[1] == 1000000, ""ERROR_INCORRECT_SHARE"");      uint256 _attributions;     if (totalAttributions == 0) {         _attributions = _amount;     } else {         uint256 _pool = valueAll();         _attributions = (_amount * totalAttributions) / _pool;     }     IERC20(token).safeTransferFrom(_from, address(this), _amount);      balance += _amount;     totalAttributions += _attributions;     for (uint128 i = 0; i &lt; 2; i++) {         uint256 _allocation = (_shares[i] * _attributions) / MAGIC_SCALE_1E6;         attributions[_beneficiaries[i]] += _allocation;         _allocations[i] = _allocation;     } }  /**  * @notice A market contract can deposit collateral and get attribution point in return  * @param  _amount amount of tokens to deposit  * @param _from sender's address  * @param _beneficiary beneficiary's address  * @return _attributions attribution amount generated from the transaction  */  function addValue(     uint256 _amount,     address _from,     address _beneficiary ) external override onlyMarket returns (uint256 _attributions) {      if (totalAttributions == 0) {         _attributions = _amount;     } else {         uint256 _pool = valueAll();         _attributions = (_amount * totalAttributions) / _pool;     }     IERC20(token).safeTransferFrom(_from, address(this), _amount);     balance += _amount;     totalAttributions += _attributions;     attributions[_beneficiary] += _attributions; }  /**  * @notice an address that has balance in the vault can withdraw underlying value  * @param _amount amount of tokens to withdraw  * @param _to address to get underlying tokens  * @return _attributions amount of attributions burnet  */ function withdrawValue(uint256 _amount, address _to)     external     override     returns (uint256 _attributions) {     require(         attributions[msg.sender] &gt; 0 &amp;&amp;             underlyingValue(msg.sender) &gt;= _amount,         ""ERROR_WITHDRAW-VALUE_BADCONDITOONS""     );     _attributions = (totalAttributions * _amount) / valueAll();      attributions[msg.sender] -= _attributions;     totalAttributions -= _attributions;      if (available() &lt; _amount) {         //when USDC in this contract isn't enough         uint256 _shortage = _amount - available();         _unutilize(_shortage);          assert(available() &gt;= _amount);     }      balance -= _amount;     IERC20(token).safeTransfer(_to, _amount); }  /**  * @notice an address that has balance in the vault can transfer underlying value  * @param _amount sender of value  * @param _destination reciepient of value  */  function transferValue(uint256 _amount, address _destination)     external     override     returns (uint256 _attributions) {     require(         attributions[msg.sender] &gt; 0 &amp;&amp;             underlyingValue(msg.sender) &gt;= _amount,         ""ERROR_TRANSFER-VALUE_BADCONDITOONS""     );     _attributions = (_amount * totalAttributions) / valueAll();     attributions[msg.sender] -= _attributions;     attributions[_destination] += _attributions; }  /**  * @notice a registered contract can borrow balance from the vault  * @param _amount borrow amount  * @param _to borrower's address  */ function borrowValue(uint256 _amount, address _to) external onlyMarket override {     debts[msg.sender] += _amount;     totalDebt += _amount;      IERC20(token).safeTransfer(_to, _amount); }  /**  * @notice an address that has balance in the vault can offset an address's debt  * @param _amount debt amount to offset  * @param _target borrower's address  */  function offsetDebt(uint256 _amount, address _target)     external     override     returns (uint256 _attributions) {     require(         attributions[msg.sender] &gt; 0 &amp;&amp;             underlyingValue(msg.sender) &gt;= _amount,         ""ERROR_REPAY_DEBT_BADCONDITOONS""     );     _attributions = (_amount * totalAttributions) / valueAll();     attributions[msg.sender] -= _attributions;     totalAttributions -= _attributions;     balance -= _amount;     debts[_target] -= _amount;     totalDebt -= _amount; }  /**  * @notice a registerd market can transfer their debt to system debt  * @param _amount debt amount to transfer  * @dev will be called when CDS could not afford when resume the market.  */ function transferDebt(uint256 _amount) external onlyMarket override {      if(_amount != 0){         debts[msg.sender] -= _amount;         debts[address(0)] += _amount;     } }  /**  * @notice anyone can repay the system debt by sending tokens to this contract  * @param _amount debt amount to repay  * @param _target borrower's address  */ function repayDebt(uint256 _amount, address _target) external override {     uint256 _debt = debts[_target];     if (_debt &gt;= _amount) {         debts[_target] -= _amount;         totalDebt -= _amount;         IERC20(token).safeTransferFrom(msg.sender, address(this), _amount);     } else {         debts[_target] = 0;         totalDebt -= _debt;         IERC20(token).safeTransferFrom(msg.sender, address(this), _debt);     } }  /**  * @notice an address that has balance in the vault can withdraw value denominated in attribution  * @param _attribution amount of attribution to burn  * @param _to beneficiary's address  * @return _retVal number of tokens withdrawn from the transaction  */ function withdrawAttribution(uint256 _attribution, address _to)     external     override     returns (uint256 _retVal) {     _retVal = _withdrawAttribution(_attribution, _to); }  /**  * @notice an address that has balance in the vault can withdraw all value  * @param _to beneficiary's address  * @return _retVal number of tokens withdrawn from the transaction  */ function withdrawAllAttribution(address _to)     external     override     returns (uint256 _retVal) {     _retVal = _withdrawAttribution(attributions[msg.sender], _to); }  /**  * @notice an address that has balance in the vault can withdraw all value  * @param _attribution amount of attribution to burn  * @param _to beneficiary's address  * @return _retVal number of tokens withdrawn from the transaction  */ function _withdrawAttribution(uint256 _attribution, address _to)     internal     returns (uint256 _retVal) {     require(         attributions[msg.sender] &gt;= _attribution,         ""ERROR_WITHDRAW-ATTRIBUTION_BADCONDITOONS""     );     _retVal = (_attribution * valueAll()) / totalAttributions;      attributions[msg.sender] -= _attribution;     totalAttributions -= _attribution;      if (available() &lt; _retVal) {         uint256 _shortage = _retVal - available();         _unutilize(_shortage);     }      balance -= _retVal;     IERC20(token).safeTransfer(_to, _retVal); }  /**  * @notice an address that has balance in the vault can transfer value denominated in attribution  * @param _amount amount of attribution to transfer  * @param _destination reciepient of attribution  */ function transferAttribution(uint256 _amount, address _destination)     external     override {     require(_destination != address(0), ""ERROR_ZERO_ADDRESS"");      require(         _amount != 0 &amp;&amp; attributions[msg.sender] &gt;= _amount,         ""ERROR_TRANSFER-ATTRIBUTION_BADCONDITOONS""     );      attributions[msg.sender] -= _amount;     attributions[_destination] += _amount; }  /**  * @notice the controller can utilize all available stored funds  * @return _amount amount of tokens utilized  */ function utilize() external override returns (uint256 _amount) {     if (keeper != address(0)) {         require(msg.sender == keeper, ""ERROR_NOT_KEEPER"");     }     _amount = available(); //balance     if (_amount &gt; 0) {         IERC20(token).safeTransfer(address(controller), _amount);         balance -= _amount;         controller.earn(address(token), _amount);     } }  /**  * @notice get attribution number for the specified address  * @param _target target address  * @return amount of attritbution  */  function attributionOf(address _target)     external     view     override     returns (uint256) {     return attributions[_target]; }  /**  * @notice get all attribution number for this contract  * @return amount of all attribution  */ function attributionAll() external view returns (uint256) {     return totalAttributions; }  /**  * @notice Convert attribution number into underlying assset value  * @param _attribution amount of attribution  * @return token value of input attribution  */ function attributionValue(uint256 _attribution)     external     view     override     returns (uint256) {     if (totalAttributions &gt; 0 &amp;&amp; _attribution &gt; 0) {         return (_attribution * valueAll()) / totalAttributions;     } else {         return 0;     } }  /**  * @notice return underlying value of the specified address  * @param _target target address  * @return token value of target address  */ function underlyingValue(address _target)     public     view     override     returns (uint256) {     if (attributions[_target] &gt; 0) {         return (valueAll() * attributions[_target]) / totalAttributions;     } else {         return 0;     } }  /**  * @notice return underlying value of this contract  * @return all token value of the vault  */ function valueAll() public view returns (uint256) {     if (address(controller) != address(0)) {         return balance + controller.valueAll();     } else {         return balance;     } }  /**  * @notice internal function to unutilize the funds and keep utilization rate  * @param _amount amount to withdraw from controller  */ function _unutilize(uint256 _amount) internal {     require(address(controller) != address(0), ""ERROR_CONTROLLER_NOT_SET"");      controller.withdraw(address(this), _amount);     balance += _amount; }  /**  * @notice return how much funds in this contract is available to be utilized  * @return available balance to utilize  */ function available() public view returns (uint256) {     return balance - totalDebt; }  /**  * @notice return how much price for each attribution  * @return value of one share of attribution  */ function getPricePerFullShare() public view returns (uint256) {     return (valueAll() * MAGIC_SCALE_1E6) / totalAttributions; }  /**  * onlyOwner  */  /**  * @notice withdraw redundant token stored in this contract  * @param _token token address  * @param _to beneficiary's address  */ function withdrawRedundant(address _token, address _to)     external     override     onlyOwner {     if (         _token == address(token) &amp;&amp;         balance &lt; IERC20(token).balanceOf(address(this))     ) {         uint256 _redundant = IERC20(token).balanceOf(address(this)) -             balance;         IERC20(token).safeTransfer(_to, _redundant);     } else if (IERC20(_token).balanceOf(address(this)) &gt; 0) {         IERC20(_token).safeTransfer(             _to,             IERC20(_token).balanceOf(address(this))         );     } }  /**  * @notice admin function to set controller address  * @param _controller address of the controller  */ function setController(address _controller) public override onlyOwner {     require(_controller != address(0), ""ERROR_ZERO_ADDRESS"");      if (address(controller) != address(0)) {         controller.migrate(address(_controller));         controller = IController(_controller);     } else {         controller = IController(_controller);     }      emit ControllerSet(_controller); }  /**  * @notice the controller can utilize all available stored funds  * @param _keeper keeper address  */ function setKeeper(address _keeper) external override onlyOwner {     if (keeper != _keeper) {         keeper = _keeper;     } }  } |
| **need_reflect** | False |
| **assistant_role_name** | Security Analyst |
| **user_role_name** | Solidity Programming Expert |
| **phase_prompt** | Given the user's task and the brainstorming ideas provided: Task: ""{task}"". Ideas: ""{ideas}"". As the {assistant_role}, your primary objective is to perform a thorough and detailed inspection of the provided contract code, with a particular focus on identifying vulnerabilities related to Misuse of msg.value within a Loop. There are key indicators of this vulnerability: 1. Incorrectly allocating the total msg.value to each item within a loop, rather than dividing msg.value properly among the items. 2. Misallocation of funds where each iteration of the loop assigns the entire msg.value instead of the correct portion, leading to an unintended and excessive distribution. If you identify Misuse of msg.value within a Loop, respond with: "" Misuse of msg.value within a Loop Identified."" For each vulnerability identified, use the following format: VULNERABILITY NAME or TYPE ''' DETAILED DESCRIPTION of the vulnerability, AND recommended mitigation/fix with no upgrade code ''' If you don't find any vulnerabilities, respond only with: "" NO Misuse of msg.value within a Loop."" |
| **phase_name** | MisuseMsgValueDetector |
| **assistant_role_prompt** | {chatdev_prompt} You are Security Analyst. Now, we are both working at ChatDev and share a common interest in collaborating to successfully execute a marketing strategy for a new customer. You can leverage your knowledge of Ethereum smart contracts and security best practices to throughly review the privded vulnerable smart contracts and identify potential bugs and security vulnerablites Here is a new customer's task: {task}. To complete the task,  you must write a response that appropriately solves the requested instruction based on your expertise and customer's needs. |
| **user_role_prompt** | {chatdev_prompt} You are Solidity Programming Expert. Now, we are both working at ChatDev and share a common interest in collaborating to successfully execute a marketing strategy for a new customer. You can analyze the code structure, logic, and implementation details of the contracts. You have extensive computing and coding experience in Solidity programming language. Here is a new customer's task: {task}. To complete the task,  you must write a response that appropriately solves the requested instruction based on your expertise and customer's needs. |
| **chat_turn_limit** | 1 |
| **placeholders** | {'cycle_num': 1, 'modification_conclusion': '', 'cycle_index': 1, 'task': 'pragma solidity 0.8.7;\n\n/\n * @author InsureDAO\n * @title InsureDAO vault contract\n * @notice\n * SPDX-License-Identifier: GPL-3.0\n */\nimport ""@openzeppelin/contracts/token/ERC20/IERC20.sol"";\nimport ""@openzeppelin/contracts/token/ERC20/utils/SafeERC20.sol"";\n\nimport ""./interfaces/IOwnership.sol"";\nimport ""./interfaces/IVault.sol"";\n\nimport ""./interfaces/IController.sol"";\nimport ""./interfaces/IRegistry.sol"";\n\ncontract Vault is IVault {\n    using SafeERC20 for IERC20;\n\n    /\n     * Storage\n     /\n\n    address public override token;\n    IController public controller;\n    IRegistry public registry;\n    IOwnership public ownership;\n\n    mapping(address =&gt; uint256) public override debts;\n    mapping(address =&gt; uint256) public attributions;\n    uint256 public totalAttributions;\n\n    address public keeper; //keeper can operate utilize(), if address zero, anyone can operate.\n    uint256 public balance; //balance of underlying token\n    uint256 public totalDebt; //total debt balance. 1debt:1token\n\n    uint256 public constant MAGIC_SCALE_1E6 = 1e6; //internal multiplication scale 1e6 to reduce decimal truncation\n\n\n\n    event ControllerSet(address controller);\n\n    modifier onlyOwner() {\n        require(\n            ownership.owner() == msg.sender,\n            ""Restricted: caller is not allowed to operate""\n        );\n        ;\n    }\n\n    modifier onlyMarket() {\n        require(\n            IRegistry(registry).isListed(msg.sender),\n            ""ERROR_ONLY_MARKET""\n        );\n        ;\n    }\n\n    constructor(\n        address _token,\n        address _registry,\n        address _controller,\n        address _ownership\n    ) {\n        require(_token != address(0));\n        require(_registry != address(0));\n        require(_ownership != address(0));\n        //controller can be zero\n\n        token = _token;\n        registry = IRegistry(_registry);\n        controller = IController(_controller);\n        ownership = IOwnership(_ownership);\n    }\n\n    /\n     * Vault Functions\n     /\n\n    /\n     * @notice A market contract can deposit collateral and get attribution point in return\n     * @param  _amount amount of tokens to deposit\n     * @param _from sender\'s address\n     * @param _beneficiaries beneficiary\'s address array\n     * @param _shares funds share within beneficiaries (100% = 1e6)\n     * @return _allocations attribution amount generated from the transaction\n     */\n    function addValueBatch(\n        uint256 _amount,\n        address _from,\n        address[2] memory _beneficiaries,\n        uint256[2] memory _shares\n    ) external override onlyMarket returns (uint256[2] memory _allocations) {\n        \n        require(_shares[0] + _shares[1] == 1000000, ""ERROR_INCORRECT_SHARE"");\n\n        uint256 _attributions;\n        if (totalAttributions == 0) {\n            _attributions = _amount;\n        } else {\n            uint256 _pool = valueAll();\n            _attributions = (_amount * totalAttributions) / _pool;\n        }\n        IERC20(token).safeTransferFrom(_from, address(this), _amount);\n\n        balance += _amount;\n        totalAttributions += _attributions;\n        for (uint128 i = 0; i &lt; 2; i++) {\n            uint256 _allocation = (_shares[i] * _attributions) / MAGIC_SCALE_1E6;\n            attributions[_beneficiaries[i]] += _allocation;\n            _allocations[i] = _allocation;\n        }\n    }\n\n    /\n     * @notice A market contract can deposit collateral and get attribution point in return\n     * @param  _amount amount of tokens to deposit\n     * @param _from sender\'s address\n     * @param _beneficiary beneficiary\'s address\n     * @return _attributions attribution amount generated from the transaction\n     /\n\n    function addValue(\n        uint256 _amount,\n        address _from,\n        address _beneficiary\n    ) external override onlyMarket returns (uint256 _attributions) {\n\n        if (totalAttributions == 0) {\n            _attributions = _amount;\n        } else {\n            uint256 _pool = valueAll();\n            _attributions = (_amount * totalAttributions) / _pool;\n        }\n        IERC20(token).safeTransferFrom(_from, address(this), _amount);\n        balance += _amount;\n        totalAttributions += _attributions;\n        attributions[_beneficiary] += _attributions;\n    }\n\n    /\n     * @notice an address that has balance in the vault can withdraw underlying value\n     * @param _amount amount of tokens to withdraw\n     * @param _to address to get underlying tokens\n     * @return _attributions amount of attributions burnet\n     /\n    function withdrawValue(uint256 _amount, address _to)\n        external\n        override\n        returns (uint256 _attributions)\n    {\n        require(\n            attributions[msg.sender] &gt; 0 &amp;&amp;\n                underlyingValue(msg.sender) &gt;= _amount,\n            ""ERROR_WITHDRAW-VALUE_BADCONDITOONS""\n        );\n        _attributions = (totalAttributions * _amount) / valueAll();\n\n        attributions[msg.sender] -= _attributions;\n        totalAttributions -= _attributions;\n\n        if (available() &lt; _amount) {\n            //when USDC in this contract isn\'t enough\n            uint256 _shortage = _amount - available();\n            _unutilize(_shortage);\n\n            assert(available() &gt;= _amount);\n        }\n\n        balance -= _amount;\n        IERC20(token).safeTransfer(_to, _amount);\n    }\n\n    /\n     * @notice an address that has balance in the vault can transfer underlying value\n     * @param _amount sender of value\n     * @param _destination reciepient of value\n     */\n\n    function transferValue(uint256 _amount, address _destination)\n        external\n        override\n        returns (uint256 _attributions)\n    {\n        require(\n            attributions[msg.sender] &gt; 0 &amp;&amp;\n                underlyingValue(msg.sender) &gt;= _amount,\n            ""ERROR_TRANSFER-VALUE_BADCONDITOONS""\n        );\n        _attributions = (_amount * totalAttributions) / valueAll();\n        attributions[msg.sender] -= _attributions;\n        attributions[_destination] += _attributions;\n    }\n\n    /\n     * @notice a registered contract can borrow balance from the vault\n     * @param _amount borrow amount\n     * @param _to borrower\'s address\n     /\n    function borrowValue(uint256 _amount, address _to) external onlyMarket override {\n        debts[msg.sender] += _amount;\n        totalDebt += _amount;\n\n        IERC20(token).safeTransfer(_to, _amount);\n    }\n\n    /\n     * @notice an address that has balance in the vault can offset an address\'s debt\n     * @param _amount debt amount to offset\n     * @param _target borrower\'s address\n     /\n\n    function offsetDebt(uint256 _amount, address _target)\n        external\n        override\n        returns (uint256 _attributions)\n    {\n        require(\n            attributions[msg.sender] &gt; 0 &amp;&amp;\n                underlyingValue(msg.sender) &gt;= _amount,\n            ""ERROR_REPAY_DEBT_BADCONDITOONS""\n        );\n        _attributions = (_amount * totalAttributions) / valueAll();\n        attributions[msg.sender] -= _attributions;\n        totalAttributions -= _attributions;\n        balance -= _amount;\n        debts[_target] -= _amount;\n        totalDebt -= _amount;\n    }\n\n    /\n     * @notice a registerd market can transfer their debt to system debt\n     * @param _amount debt amount to transfer\n     * @dev will be called when CDS could not afford when resume the market.\n     */\n    function transferDebt(uint256 _amount) external onlyMarket override {\n\n        if(_amount != 0){\n            debts[msg.sender] -= _amount;\n            debts[address(0)] += _amount;\n        }\n    }\n\n    /\n     * @notice anyone can repay the system debt by sending tokens to this contract\n     * @param _amount debt amount to repay\n     * @param _target borrower\'s address\n     /\n    function repayDebt(uint256 _amount, address _target) external override {\n        uint256 _debt = debts[_target];\n        if (_debt &gt;= _amount) {\n            debts[_target] -= _amount;\n            totalDebt -= _amount;\n            IERC20(token).safeTransferFrom(msg.sender, address(this), _amount);\n        } else {\n            debts[_target] = 0;\n            totalDebt -= _debt;\n            IERC20(token).safeTransferFrom(msg.sender, address(this), _debt);\n        }\n    }\n\n    /\n     * @notice an address that has balance in the vault can withdraw value denominated in attribution\n     * @param _attribution amount of attribution to burn\n     * @param _to beneficiary\'s address\n     * @return _retVal number of tokens withdrawn from the transaction\n     /\n    function withdrawAttribution(uint256 _attribution, address _to)\n        external\n        override\n        returns (uint256 _retVal)\n    {\n        _retVal = _withdrawAttribution(_attribution, _to);\n    }\n\n    /\n     * @notice an address that has balance in the vault can withdraw all value\n     * @param _to beneficiary\'s address\n     * @return _retVal number of tokens withdrawn from the transaction\n     */\n    function withdrawAllAttribution(address _to)\n        external\n        override\n        returns (uint256 _retVal)\n    {\n        _retVal = _withdrawAttribution(attributions[msg.sender], _to);\n    }\n\n    /\n     * @notice an address that has balance in the vault can withdraw all value\n     * @param _attribution amount of attribution to burn\n     * @param _to beneficiary\'s address\n     * @return _retVal number of tokens withdrawn from the transaction\n     /\n    function _withdrawAttribution(uint256 _attribution, address _to)\n        internal\n        returns (uint256 _retVal)\n    {\n        require(\n            attributions[msg.sender] &gt;= _attribution,\n            ""ERROR_WITHDRAW-ATTRIBUTION_BADCONDITOONS""\n        );\n        _retVal = (_attribution * valueAll()) / totalAttributions;\n\n        attributions[msg.sender] -= _attribution;\n        totalAttributions -= _attribution;\n\n        if (available() &lt; _retVal) {\n            uint256 _shortage = _retVal - available();\n            _unutilize(_shortage);\n        }\n\n        balance -= _retVal;\n        IERC20(token).safeTransfer(_to, _retVal);\n    }\n\n    /\n     * @notice an address that has balance in the vault can transfer value denominated in attribution\n     * @param _amount amount of attribution to transfer\n     * @param _destination reciepient of attribution\n     /\n    function transferAttribution(uint256 _amount, address _destination)\n        external\n        override\n    {\n        require(_destination != address(0), ""ERROR_ZERO_ADDRESS"");\n\n        require(\n            _amount != 0 &amp;&amp; attributions[msg.sender] &gt;= _amount,\n            ""ERROR_TRANSFER-ATTRIBUTION_BADCONDITOONS""\n        );\n\n        attributions[msg.sender] -= _amount;\n        attributions[_destination] += _amount;\n    }\n\n    /\n     * @notice the controller can utilize all available stored funds\n     * @return _amount amount of tokens utilized\n     */\n    function utilize() external override returns (uint256 _amount) {\n        if (keeper != address(0)) {\n            require(msg.sender == keeper, ""ERROR_NOT_KEEPER"");\n        }\n        _amount = available(); //balance\n        if (_amount &gt; 0) {\n            IERC20(token).safeTransfer(address(controller), _amount);\n            balance -= _amount;\n            controller.earn(address(token), _amount);\n        }\n    }\n\n    /\n     * @notice get attribution number for the specified address\n     * @param _target target address\n     * @return amount of attritbution\n     /\n\n    function attributionOf(address _target)\n        external\n        view\n        override\n        returns (uint256)\n    {\n        return attributions[_target];\n    }\n\n    /\n     * @notice get all attribution number for this contract\n     * @return amount of all attribution\n     /\n    function attributionAll() external view returns (uint256) {\n        return totalAttributions;\n    }\n\n    /\n     * @notice Convert attribution number into underlying assset value\n     * @param _attribution amount of attribution\n     * @return token value of input attribution\n     */\n    function attributionValue(uint256 _attribution)\n        external\n        view\n        override\n        returns (uint256)\n    {\n        if (totalAttributions &gt; 0 &amp;&amp; _attribution &gt; 0) {\n            return (_attribution * valueAll()) / totalAttributions;\n        } else {\n            return 0;\n        }\n    }\n\n    /\n     * @notice return underlying value of the specified address\n     * @param _target target address\n     * @return token value of target address\n     /\n    function underlyingValue(address _target)\n        public\n        view\n        override\n        returns (uint256)\n    {\n        if (attributions[_target] &gt; 0) {\n            return (valueAll() * attributions[_target]) / totalAttributions;\n        } else {\n            return 0;\n        }\n    }\n\n    /\n     * @notice return underlying value of this contract\n     * @return all token value of the vault\n     /\n    function valueAll() public view returns (uint256) {\n        if (address(controller) != address(0)) {\n            return balance + controller.valueAll();\n        } else {\n            return balance;\n        }\n    }\n\n    /\n     * @notice internal function to unutilize the funds and keep utilization rate\n     * @param _amount amount to withdraw from controller\n     */\n    function _unutilize(uint256 _amount) internal {\n        require(address(controller) != address(0), ""ERROR_CONTROLLER_NOT_SET"");\n\n        controller.withdraw(address(this), _amount);\n        balance += _amount;\n    }\n\n    /\n     * @notice return how much funds in this contract is available to be utilized\n     * @return available balance to utilize\n     /\n    function available() public view returns (uint256) {\n        return balance - totalDebt;\n    }\n\n    /\n     * @notice return how much price for each attribution\n     * @return value of one share of attribution\n     /\n    function getPricePerFullShare() public view returns (uint256) {\n        return (valueAll() * MAGIC_SCALE_1E6) / totalAttributions;\n    }\n\n    /\n     * onlyOwner\n     */\n\n    /\n     * @notice withdraw redundant token stored in this contract\n     * @param _token token address\n     * @param _to beneficiary\'s address\n     /\n    function withdrawRedundant(address _token, address _to)\n        external\n        override\n        onlyOwner\n    {\n        if (\n            _token == address(token) &amp;&amp;\n            balance &lt; IERC20(token).balanceOf(address(this))\n        ) {\n            uint256 _redundant = IERC20(token).balanceOf(address(this)) -\n                balance;\n            IERC20(token).safeTransfer(_to, _redundant);\n        } else if (IERC20(_token).balanceOf(address(this)) &gt; 0) {\n            IERC20(_token).safeTransfer(\n                _to,\n                IERC20(_token).balanceOf(address(this))\n            );\n        }\n    }\n\n    /\n     * @notice admin function to set controller address\n     * @param _controller address of the controller\n     /\n    function setController(address _controller) public override onlyOwner {\n        require(_controller != address(0), ""ERROR_ZERO_ADDRESS"");\n\n        if (address(controller) != address(0)) {\n            controller.migrate(address(_controller));\n            controller = IController(_controller);\n        } else {\n            controller = IController(_controller);\n        }\n\n        emit ControllerSet(_controller);\n    }\n\n    /*\n     * @notice the controller can utilize all available stored funds\n     * @param _keeper keeper address\n     /\n    function setKeeper(address _keeper) external override onlyOwner {\n        if (keeper != _keeper) {\n            keeper = _keeper;\n        }\n    }\n}\n', 'ideas': "" Missing 'onlyOwner' Modifier Identified.\n\nVULNERABILITY: Missing 'onlyOwner' Modifier\n'''\nThe contract has several functions that can be executed without the onlyOwner modifier, which is intended to restrict access to certain critical functionalities. Specifically, the setController and setKeeper functions are designed to allow the contract owner to set the controller and keeper addresses, respectively. However, if these functions are not properly restricted, any user can call them, potentially leading to unauthorized changes in the contract's state. This could allow malicious actors to change the controller to a malicious contract or set the keeper to an unauthorized address, leading to loss of funds or control over the contract.\n\nRecommended Mitigation/Fix:\n- Ensure that the setController and setKeeper functions include the onlyOwner modifier to restrict access to only the contract owner. This will prevent unauthorized users from executing these critical functions and protect the integrity of the contract.\n'''""} |
| **memory** | No existed memory |
| **model_type** | ModelType.GPT_4_O_MINI |

[2024-10-08 11:56:52 INFO] System: **[RolePlaying]**

| Parameter | Value |
| --- | --- |
| **assistant_role_name** | Security Analyst |
| **user_role_name** | Solidity Programming Expert |
| **assistant_role_prompt** | {chatdev_prompt} You are Security Analyst. Now, we are both working at ChatDev and share a common interest in collaborating to successfully execute a marketing strategy for a new customer. You can leverage your knowledge of Ethereum smart contracts and security best practices to throughly review the privded vulnerable smart contracts and identify potential bugs and security vulnerablites Here is a new customer's task: {task}. To complete the task,  you must write a response that appropriately solves the requested instruction based on your expertise and customer's needs. |
| **user_role_prompt** | {chatdev_prompt} You are Solidity Programming Expert. Now, we are both working at ChatDev and share a common interest in collaborating to successfully execute a marketing strategy for a new customer. You can analyze the code structure, logic, and implementation details of the contracts. You have extensive computing and coding experience in Solidity programming language. Here is a new customer's task: {task}. To complete the task,  you must write a response that appropriately solves the requested instruction based on your expertise and customer's needs. |
| **task_prompt** | pragma solidity 0.8.7; /*  * @author InsureDAO  * @title InsureDAO vault contract  * @notice  * SPDX-License-Identifier: GPL-3.0  / import ""@openzeppelin/contracts/token/ERC20/IERC20.sol""; import ""@openzeppelin/contracts/token/ERC20/utils/SafeERC20.sol""; import ""./interfaces/IOwnership.sol""; import ""./interfaces/IVault.sol""; import ""./interfaces/IController.sol""; import ""./interfaces/IRegistry.sol""; contract Vault is IVault {     using SafeERC20 for IERC20; /**  * Storage  */  address public override token; IController public controller; IRegistry public registry; IOwnership public ownership;  mapping(address =&gt; uint256) public override debts; mapping(address =&gt; uint256) public attributions; uint256 public totalAttributions;  address public keeper; //keeper can operate utilize(), if address zero, anyone can operate. uint256 public balance; //balance of underlying token uint256 public totalDebt; //total debt balance. 1debt:1token  uint256 public constant MAGIC_SCALE_1E6 = 1e6; //internal multiplication scale 1e6 to reduce decimal truncation    event ControllerSet(address controller);  modifier onlyOwner() {     require(         ownership.owner() == msg.sender,         ""Restricted: caller is not allowed to operate""     );     _; }  modifier onlyMarket() {     require(         IRegistry(registry).isListed(msg.sender),         ""ERROR_ONLY_MARKET""     );     _; }  constructor(     address _token,     address _registry,     address _controller,     address _ownership ) {     require(_token != address(0));     require(_registry != address(0));     require(_ownership != address(0));     //controller can be zero      token = _token;     registry = IRegistry(_registry);     controller = IController(_controller);     ownership = IOwnership(_ownership); }  /**  * Vault Functions  */  /**  * @notice A market contract can deposit collateral and get attribution point in return  * @param  _amount amount of tokens to deposit  * @param _from sender's address  * @param _beneficiaries beneficiary's address array  * @param _shares funds share within beneficiaries (100% = 1e6)  * @return _allocations attribution amount generated from the transaction  */ function addValueBatch(     uint256 _amount,     address _from,     address[2] memory _beneficiaries,     uint256[2] memory _shares ) external override onlyMarket returns (uint256[2] memory _allocations) {      require(_shares[0] + _shares[1] == 1000000, ""ERROR_INCORRECT_SHARE"");      uint256 _attributions;     if (totalAttributions == 0) {         _attributions = _amount;     } else {         uint256 _pool = valueAll();         _attributions = (_amount * totalAttributions) / _pool;     }     IERC20(token).safeTransferFrom(_from, address(this), _amount);      balance += _amount;     totalAttributions += _attributions;     for (uint128 i = 0; i &lt; 2; i++) {         uint256 _allocation = (_shares[i] * _attributions) / MAGIC_SCALE_1E6;         attributions[_beneficiaries[i]] += _allocation;         _allocations[i] = _allocation;     } }  /**  * @notice A market contract can deposit collateral and get attribution point in return  * @param  _amount amount of tokens to deposit  * @param _from sender's address  * @param _beneficiary beneficiary's address  * @return _attributions attribution amount generated from the transaction  */  function addValue(     uint256 _amount,     address _from,     address _beneficiary ) external override onlyMarket returns (uint256 _attributions) {      if (totalAttributions == 0) {         _attributions = _amount;     } else {         uint256 _pool = valueAll();         _attributions = (_amount * totalAttributions) / _pool;     }     IERC20(token).safeTransferFrom(_from, address(this), _amount);     balance += _amount;     totalAttributions += _attributions;     attributions[_beneficiary] += _attributions; }  /**  * @notice an address that has balance in the vault can withdraw underlying value  * @param _amount amount of tokens to withdraw  * @param _to address to get underlying tokens  * @return _attributions amount of attributions burnet  */ function withdrawValue(uint256 _amount, address _to)     external     override     returns (uint256 _attributions) {     require(         attributions[msg.sender] &gt; 0 &amp;&amp;             underlyingValue(msg.sender) &gt;= _amount,         ""ERROR_WITHDRAW-VALUE_BADCONDITOONS""     );     _attributions = (totalAttributions * _amount) / valueAll();      attributions[msg.sender] -= _attributions;     totalAttributions -= _attributions;      if (available() &lt; _amount) {         //when USDC in this contract isn't enough         uint256 _shortage = _amount - available();         _unutilize(_shortage);          assert(available() &gt;= _amount);     }      balance -= _amount;     IERC20(token).safeTransfer(_to, _amount); }  /**  * @notice an address that has balance in the vault can transfer underlying value  * @param _amount sender of value  * @param _destination reciepient of value  */  function transferValue(uint256 _amount, address _destination)     external     override     returns (uint256 _attributions) {     require(         attributions[msg.sender] &gt; 0 &amp;&amp;             underlyingValue(msg.sender) &gt;= _amount,         ""ERROR_TRANSFER-VALUE_BADCONDITOONS""     );     _attributions = (_amount * totalAttributions) / valueAll();     attributions[msg.sender] -= _attributions;     attributions[_destination] += _attributions; }  /**  * @notice a registered contract can borrow balance from the vault  * @param _amount borrow amount  * @param _to borrower's address  */ function borrowValue(uint256 _amount, address _to) external onlyMarket override {     debts[msg.sender] += _amount;     totalDebt += _amount;      IERC20(token).safeTransfer(_to, _amount); }  /**  * @notice an address that has balance in the vault can offset an address's debt  * @param _amount debt amount to offset  * @param _target borrower's address  */  function offsetDebt(uint256 _amount, address _target)     external     override     returns (uint256 _attributions) {     require(         attributions[msg.sender] &gt; 0 &amp;&amp;             underlyingValue(msg.sender) &gt;= _amount,         ""ERROR_REPAY_DEBT_BADCONDITOONS""     );     _attributions = (_amount * totalAttributions) / valueAll();     attributions[msg.sender] -= _attributions;     totalAttributions -= _attributions;     balance -= _amount;     debts[_target] -= _amount;     totalDebt -= _amount; }  /**  * @notice a registerd market can transfer their debt to system debt  * @param _amount debt amount to transfer  * @dev will be called when CDS could not afford when resume the market.  */ function transferDebt(uint256 _amount) external onlyMarket override {      if(_amount != 0){         debts[msg.sender] -= _amount;         debts[address(0)] += _amount;     } }  /**  * @notice anyone can repay the system debt by sending tokens to this contract  * @param _amount debt amount to repay  * @param _target borrower's address  */ function repayDebt(uint256 _amount, address _target) external override {     uint256 _debt = debts[_target];     if (_debt &gt;= _amount) {         debts[_target] -= _amount;         totalDebt -= _amount;         IERC20(token).safeTransferFrom(msg.sender, address(this), _amount);     } else {         debts[_target] = 0;         totalDebt -= _debt;         IERC20(token).safeTransferFrom(msg.sender, address(this), _debt);     } }  /**  * @notice an address that has balance in the vault can withdraw value denominated in attribution  * @param _attribution amount of attribution to burn  * @param _to beneficiary's address  * @return _retVal number of tokens withdrawn from the transaction  */ function withdrawAttribution(uint256 _attribution, address _to)     external     override     returns (uint256 _retVal) {     _retVal = _withdrawAttribution(_attribution, _to); }  /**  * @notice an address that has balance in the vault can withdraw all value  * @param _to beneficiary's address  * @return _retVal number of tokens withdrawn from the transaction  */ function withdrawAllAttribution(address _to)     external     override     returns (uint256 _retVal) {     _retVal = _withdrawAttribution(attributions[msg.sender], _to); }  /**  * @notice an address that has balance in the vault can withdraw all value  * @param _attribution amount of attribution to burn  * @param _to beneficiary's address  * @return _retVal number of tokens withdrawn from the transaction  */ function _withdrawAttribution(uint256 _attribution, address _to)     internal     returns (uint256 _retVal) {     require(         attributions[msg.sender] &gt;= _attribution,         ""ERROR_WITHDRAW-ATTRIBUTION_BADCONDITOONS""     );     _retVal = (_attribution * valueAll()) / totalAttributions;      attributions[msg.sender] -= _attribution;     totalAttributions -= _attribution;      if (available() &lt; _retVal) {         uint256 _shortage = _retVal - available();         _unutilize(_shortage);     }      balance -= _retVal;     IERC20(token).safeTransfer(_to, _retVal); }  /**  * @notice an address that has balance in the vault can transfer value denominated in attribution  * @param _amount amount of attribution to transfer  * @param _destination reciepient of attribution  */ function transferAttribution(uint256 _amount, address _destination)     external     override {     require(_destination != address(0), ""ERROR_ZERO_ADDRESS"");      require(         _amount != 0 &amp;&amp; attributions[msg.sender] &gt;= _amount,         ""ERROR_TRANSFER-ATTRIBUTION_BADCONDITOONS""     );      attributions[msg.sender] -= _amount;     attributions[_destination] += _amount; }  /**  * @notice the controller can utilize all available stored funds  * @return _amount amount of tokens utilized  */ function utilize() external override returns (uint256 _amount) {     if (keeper != address(0)) {         require(msg.sender == keeper, ""ERROR_NOT_KEEPER"");     }     _amount = available(); //balance     if (_amount &gt; 0) {         IERC20(token).safeTransfer(address(controller), _amount);         balance -= _amount;         controller.earn(address(token), _amount);     } }  /**  * @notice get attribution number for the specified address  * @param _target target address  * @return amount of attritbution  */  function attributionOf(address _target)     external     view     override     returns (uint256) {     return attributions[_target]; }  /**  * @notice get all attribution number for this contract  * @return amount of all attribution  */ function attributionAll() external view returns (uint256) {     return totalAttributions; }  /**  * @notice Convert attribution number into underlying assset value  * @param _attribution amount of attribution  * @return token value of input attribution  */ function attributionValue(uint256 _attribution)     external     view     override     returns (uint256) {     if (totalAttributions &gt; 0 &amp;&amp; _attribution &gt; 0) {         return (_attribution * valueAll()) / totalAttributions;     } else {         return 0;     } }  /**  * @notice return underlying value of the specified address  * @param _target target address  * @return token value of target address  */ function underlyingValue(address _target)     public     view     override     returns (uint256) {     if (attributions[_target] &gt; 0) {         return (valueAll() * attributions[_target]) / totalAttributions;     } else {         return 0;     } }  /**  * @notice return underlying value of this contract  * @return all token value of the vault  */ function valueAll() public view returns (uint256) {     if (address(controller) != address(0)) {         return balance + controller.valueAll();     } else {         return balance;     } }  /**  * @notice internal function to unutilize the funds and keep utilization rate  * @param _amount amount to withdraw from controller  */ function _unutilize(uint256 _amount) internal {     require(address(controller) != address(0), ""ERROR_CONTROLLER_NOT_SET"");      controller.withdraw(address(this), _amount);     balance += _amount; }  /**  * @notice return how much funds in this contract is available to be utilized  * @return available balance to utilize  */ function available() public view returns (uint256) {     return balance - totalDebt; }  /**  * @notice return how much price for each attribution  * @return value of one share of attribution  */ function getPricePerFullShare() public view returns (uint256) {     return (valueAll() * MAGIC_SCALE_1E6) / totalAttributions; }  /**  * onlyOwner  */  /**  * @notice withdraw redundant token stored in this contract  * @param _token token address  * @param _to beneficiary's address  */ function withdrawRedundant(address _token, address _to)     external     override     onlyOwner {     if (         _token == address(token) &amp;&amp;         balance &lt; IERC20(token).balanceOf(address(this))     ) {         uint256 _redundant = IERC20(token).balanceOf(address(this)) -             balance;         IERC20(token).safeTransfer(_to, _redundant);     } else if (IERC20(_token).balanceOf(address(this)) &gt; 0) {         IERC20(_token).safeTransfer(             _to,             IERC20(_token).balanceOf(address(this))         );     } }  /**  * @notice admin function to set controller address  * @param _controller address of the controller  */ function setController(address _controller) public override onlyOwner {     require(_controller != address(0), ""ERROR_ZERO_ADDRESS"");      if (address(controller) != address(0)) {         controller.migrate(address(_controller));         controller = IController(_controller);     } else {         controller = IController(_controller);     }      emit ControllerSet(_controller); }  /**  * @notice the controller can utilize all available stored funds  * @param _keeper keeper address  */ function setKeeper(address _keeper) external override onlyOwner {     if (keeper != _keeper) {         keeper = _keeper;     } }  } |
| **with_task_specify** | False |
| **memory** | No existed memory |
| **model_type** | ModelType.GPT_4_O_MINI |
| **background_prompt** | We are a specialized team that audits Solidity smart contracts using an advanced multi-agent system. Our approach combines the expertise of project management, smart contract counseling, auditing, and Solidity programming to deliver comprehensive and reliable contract assessments. |

[2024-10-08 11:56:52 INFO] Solidity Programming Expert: **[Start Chat]**

[We are a specialized team that audits Solidity smart contracts using an advanced multi-agent system. Our approach combines the expertise of project management, smart contract counseling, auditing, and Solidity programming to deliver comprehensive and reliable contract assessments.
You are Security Analyst. Now, we are both working at ChatDev and share a common interest in collaborating to successfully execute a marketing strategy for a new customer.
You can leverage your knowledge of Ethereum smart contracts and security best practices to throughly review the privded vulnerable smart contracts and identify potential bugs and security vulnerablites
Here is a new customer's task: pragma solidity 0.8.7;

/**
 * @author InsureDAO
 * @title InsureDAO vault contract
 * @notice
 * SPDX-License-Identifier: GPL-3.0
 */
import ""@openzeppelin/contracts/token/ERC20/IERC20.sol"";
import ""@openzeppelin/contracts/token/ERC20/utils/SafeERC20.sol"";

import ""./interfaces/IOwnership.sol"";
import ""./interfaces/IVault.sol"";

import ""./interfaces/IController.sol"";
import ""./interfaces/IRegistry.sol"";

contract Vault is IVault {
    using SafeERC20 for IERC20;

    /**
     * Storage
     */

    address public override token;
    IController public controller;
    IRegistry public registry;
    IOwnership public ownership;

    mapping(address => uint256) public override debts;
    mapping(address => uint256) public attributions;
    uint256 public totalAttributions;

    address public keeper; //keeper can operate utilize(), if address zero, anyone can operate.
    uint256 public balance; //balance of underlying token
    uint256 public totalDebt; //total debt balance. 1debt:1token

    uint256 public constant MAGIC_SCALE_1E6 = 1e6; //internal multiplication scale 1e6 to reduce decimal truncation



    event ControllerSet(address controller);

    modifier onlyOwner() {
        require(
            ownership.owner() == msg.sender,
            ""Restricted: caller is not allowed to operate""
        );
        _;
    }

    modifier onlyMarket() {
        require(
            IRegistry(registry).isListed(msg.sender),
            ""ERROR_ONLY_MARKET""
        );
        _;
    }

    constructor(
        address _token,
        address _registry,
        address _controller,
        address _ownership
    ) {
        require(_token != address(0));
        require(_registry != address(0));
        require(_ownership != address(0));
        //controller can be zero

        token = _token;
        registry = IRegistry(_registry);
        controller = IController(_controller);
        ownership = IOwnership(_ownership);
    }

    /**
     * Vault Functions
     */

    /**
     * @notice A market contract can deposit collateral and get attribution point in return
     * @param  _amount amount of tokens to deposit
     * @param _from sender's address
     * @param _beneficiaries beneficiary's address array
     * @param _shares funds share within beneficiaries (100% = 1e6)
     * @return _allocations attribution amount generated from the transaction
     */
    function addValueBatch(
        uint256 _amount,
        address _from,
        address[2] memory _beneficiaries,
        uint256[2] memory _shares
    ) external override onlyMarket returns (uint256[2] memory _allocations) {
        
        require(_shares[0] + _shares[1] == 1000000, ""ERROR_INCORRECT_SHARE"");

        uint256 _attributions;
        if (totalAttributions == 0) {
            _attributions = _amount;
        } else {
            uint256 _pool = valueAll();
            _attributions = (_amount * totalAttributions) / _pool;
        }
        IERC20(token).safeTransferFrom(_from, address(this), _amount);

        balance += _amount;
        totalAttributions += _attributions;
        for (uint128 i = 0; i < 2; i++) {
            uint256 _allocation = (_shares[i] * _attributions) / MAGIC_SCALE_1E6;
            attributions[_beneficiaries[i]] += _allocation;
            _allocations[i] = _allocation;
        }
    }

    /**
     * @notice A market contract can deposit collateral and get attribution point in return
     * @param  _amount amount of tokens to deposit
     * @param _from sender's address
     * @param _beneficiary beneficiary's address
     * @return _attributions attribution amount generated from the transaction
     */

    function addValue(
        uint256 _amount,
        address _from,
        address _beneficiary
    ) external override onlyMarket returns (uint256 _attributions) {

        if (totalAttributions == 0) {
            _attributions = _amount;
        } else {
            uint256 _pool = valueAll();
            _attributions = (_amount * totalAttributions) / _pool;
        }
        IERC20(token).safeTransferFrom(_from, address(this), _amount);
        balance += _amount;
        totalAttributions += _attributions;
        attributions[_beneficiary] += _attributions;
    }

    /**
     * @notice an address that has balance in the vault can withdraw underlying value
     * @param _amount amount of tokens to withdraw
     * @param _to address to get underlying tokens
     * @return _attributions amount of attributions burnet
     */
    function withdrawValue(uint256 _amount, address _to)
        external
        override
        returns (uint256 _attributions)
    {
        require(
            attributions[msg.sender] > 0 &&
                underlyingValue(msg.sender) >= _amount,
            ""ERROR_WITHDRAW-VALUE_BADCONDITOONS""
        );
        _attributions = (totalAttributions * _amount) / valueAll();

        attributions[msg.sender] -= _attributions;
        totalAttributions -= _attributions;

        if (available() < _amount) {
            //when USDC in this contract isn't enough
            uint256 _shortage = _amount - available();
            _unutilize(_shortage);

            assert(available() >= _amount);
        }

        balance -= _amount;
        IERC20(token).safeTransfer(_to, _amount);
    }

    /**
     * @notice an address that has balance in the vault can transfer underlying value
     * @param _amount sender of value
     * @param _destination reciepient of value
     */

    function transferValue(uint256 _amount, address _destination)
        external
        override
        returns (uint256 _attributions)
    {
        require(
            attributions[msg.sender] > 0 &&
                underlyingValue(msg.sender) >= _amount,
            ""ERROR_TRANSFER-VALUE_BADCONDITOONS""
        );
        _attributions = (_amount * totalAttributions) / valueAll();
        attributions[msg.sender] -= _attributions;
        attributions[_destination] += _attributions;
    }

    /**
     * @notice a registered contract can borrow balance from the vault
     * @param _amount borrow amount
     * @param _to borrower's address
     */
    function borrowValue(uint256 _amount, address _to) external onlyMarket override {
        debts[msg.sender] += _amount;
        totalDebt += _amount;

        IERC20(token).safeTransfer(_to, _amount);
    }

    /**
     * @notice an address that has balance in the vault can offset an address's debt
     * @param _amount debt amount to offset
     * @param _target borrower's address
     */

    function offsetDebt(uint256 _amount, address _target)
        external
        override
        returns (uint256 _attributions)
    {
        require(
            attributions[msg.sender] > 0 &&
                underlyingValue(msg.sender) >= _amount,
            ""ERROR_REPAY_DEBT_BADCONDITOONS""
        );
        _attributions = (_amount * totalAttributions) / valueAll();
        attributions[msg.sender] -= _attributions;
        totalAttributions -= _attributions;
        balance -= _amount;
        debts[_target] -= _amount;
        totalDebt -= _amount;
    }

    /**
     * @notice a registerd market can transfer their debt to system debt
     * @param _amount debt amount to transfer
     * @dev will be called when CDS could not afford when resume the market.
     */
    function transferDebt(uint256 _amount) external onlyMarket override {

        if(_amount != 0){
            debts[msg.sender] -= _amount;
            debts[address(0)] += _amount;
        }
    }

    /**
     * @notice anyone can repay the system debt by sending tokens to this contract
     * @param _amount debt amount to repay
     * @param _target borrower's address
     */
    function repayDebt(uint256 _amount, address _target) external override {
        uint256 _debt = debts[_target];
        if (_debt >= _amount) {
            debts[_target] -= _amount;
            totalDebt -= _amount;
            IERC20(token).safeTransferFrom(msg.sender, address(this), _amount);
        } else {
            debts[_target] = 0;
            totalDebt -= _debt;
            IERC20(token).safeTransferFrom(msg.sender, address(this), _debt);
        }
    }

    /**
     * @notice an address that has balance in the vault can withdraw value denominated in attribution
     * @param _attribution amount of attribution to burn
     * @param _to beneficiary's address
     * @return _retVal number of tokens withdrawn from the transaction
     */
    function withdrawAttribution(uint256 _attribution, address _to)
        external
        override
        returns (uint256 _retVal)
    {
        _retVal = _withdrawAttribution(_attribution, _to);
    }

    /**
     * @notice an address that has balance in the vault can withdraw all value
     * @param _to beneficiary's address
     * @return _retVal number of tokens withdrawn from the transaction
     */
    function withdrawAllAttribution(address _to)
        external
        override
        returns (uint256 _retVal)
    {
        _retVal = _withdrawAttribution(attributions[msg.sender], _to);
    }

    /**
     * @notice an address that has balance in the vault can withdraw all value
     * @param _attribution amount of attribution to burn
     * @param _to beneficiary's address
     * @return _retVal number of tokens withdrawn from the transaction
     */
    function _withdrawAttribution(uint256 _attribution, address _to)
        internal
        returns (uint256 _retVal)
    {
        require(
            attributions[msg.sender] >= _attribution,
            ""ERROR_WITHDRAW-ATTRIBUTION_BADCONDITOONS""
        );
        _retVal = (_attribution * valueAll()) / totalAttributions;

        attributions[msg.sender] -= _attribution;
        totalAttributions -= _attribution;

        if (available() < _retVal) {
            uint256 _shortage = _retVal - available();
            _unutilize(_shortage);
        }

        balance -= _retVal;
        IERC20(token).safeTransfer(_to, _retVal);
    }

    /**
     * @notice an address that has balance in the vault can transfer value denominated in attribution
     * @param _amount amount of attribution to transfer
     * @param _destination reciepient of attribution
     */
    function transferAttribution(uint256 _amount, address _destination)
        external
        override
    {
        require(_destination != address(0), ""ERROR_ZERO_ADDRESS"");

        require(
            _amount != 0 && attributions[msg.sender] >= _amount,
            ""ERROR_TRANSFER-ATTRIBUTION_BADCONDITOONS""
        );

        attributions[msg.sender] -= _amount;
        attributions[_destination] += _amount;
    }

    /**
     * @notice the controller can utilize all available stored funds
     * @return _amount amount of tokens utilized
     */
    function utilize() external override returns (uint256 _amount) {
        if (keeper != address(0)) {
            require(msg.sender == keeper, ""ERROR_NOT_KEEPER"");
        }
        _amount = available(); //balance
        if (_amount > 0) {
            IERC20(token).safeTransfer(address(controller), _amount);
            balance -= _amount;
            controller.earn(address(token), _amount);
        }
    }

    /**
     * @notice get attribution number for the specified address
     * @param _target target address
     * @return amount of attritbution
     */

    function attributionOf(address _target)
        external
        view
        override
        returns (uint256)
    {
        return attributions[_target];
    }

    /**
     * @notice get all attribution number for this contract
     * @return amount of all attribution
     */
    function attributionAll() external view returns (uint256) {
        return totalAttributions;
    }

    /**
     * @notice Convert attribution number into underlying assset value
     * @param _attribution amount of attribution
     * @return token value of input attribution
     */
    function attributionValue(uint256 _attribution)
        external
        view
        override
        returns (uint256)
    {
        if (totalAttributions > 0 && _attribution > 0) {
            return (_attribution * valueAll()) / totalAttributions;
        } else {
            return 0;
        }
    }

    /**
     * @notice return underlying value of the specified address
     * @param _target target address
     * @return token value of target address
     */
    function underlyingValue(address _target)
        public
        view
        override
        returns (uint256)
    {
        if (attributions[_target] > 0) {
            return (valueAll() * attributions[_target]) / totalAttributions;
        } else {
            return 0;
        }
    }

    /**
     * @notice return underlying value of this contract
     * @return all token value of the vault
     */
    function valueAll() public view returns (uint256) {
        if (address(controller) != address(0)) {
            return balance + controller.valueAll();
        } else {
            return balance;
        }
    }

    /**
     * @notice internal function to unutilize the funds and keep utilization rate
     * @param _amount amount to withdraw from controller
     */
    function _unutilize(uint256 _amount) internal {
        require(address(controller) != address(0), ""ERROR_CONTROLLER_NOT_SET"");

        controller.withdraw(address(this), _amount);
        balance += _amount;
    }

    /**
     * @notice return how much funds in this contract is available to be utilized
     * @return available balance to utilize
     */
    function available() public view returns (uint256) {
        return balance - totalDebt;
    }

    /**
     * @notice return how much price for each attribution
     * @return value of one share of attribution
     */
    function getPricePerFullShare() public view returns (uint256) {
        return (valueAll() * MAGIC_SCALE_1E6) / totalAttributions;
    }

    /**
     * onlyOwner
     */

    /**
     * @notice withdraw redundant token stored in this contract
     * @param _token token address
     * @param _to beneficiary's address
     */
    function withdrawRedundant(address _token, address _to)
        external
        override
        onlyOwner
    {
        if (
            _token == address(token) &&
            balance < IERC20(token).balanceOf(address(this))
        ) {
            uint256 _redundant = IERC20(token).balanceOf(address(this)) -
                balance;
            IERC20(token).safeTransfer(_to, _redundant);
        } else if (IERC20(_token).balanceOf(address(this)) > 0) {
            IERC20(_token).safeTransfer(
                _to,
                IERC20(_token).balanceOf(address(this))
            );
        }
    }

    /**
     * @notice admin function to set controller address
     * @param _controller address of the controller
     */
    function setController(address _controller) public override onlyOwner {
        require(_controller != address(0), ""ERROR_ZERO_ADDRESS"");

        if (address(controller) != address(0)) {
            controller.migrate(address(_controller));
            controller = IController(_controller);
        } else {
            controller = IController(_controller);
        }

        emit ControllerSet(_controller);
    }

    /**
     * @notice the controller can utilize all available stored funds
     * @param _keeper keeper address
     */
    function setKeeper(address _keeper) external override onlyOwner {
        if (keeper != _keeper) {
            keeper = _keeper;
        }
    }
}
.
To complete the task,  you must write a response that appropriately solves the requested instruction based on your expertise and customer's needs.]

Given the user's task and the brainstorming ideas provided:
Task: ""pragma solidity 0.8.7;

/**
 * @author InsureDAO
 * @title InsureDAO vault contract
 * @notice
 * SPDX-License-Identifier: GPL-3.0
 */
import ""@openzeppelin/contracts/token/ERC20/IERC20.sol"";
import ""@openzeppelin/contracts/token/ERC20/utils/SafeERC20.sol"";

import ""./interfaces/IOwnership.sol"";
import ""./interfaces/IVault.sol"";

import ""./interfaces/IController.sol"";
import ""./interfaces/IRegistry.sol"";

contract Vault is IVault {
    using SafeERC20 for IERC20;

    /**
     * Storage
     */

    address public override token;
    IController public controller;
    IRegistry public registry;
    IOwnership public ownership;

    mapping(address => uint256) public override debts;
    mapping(address => uint256) public attributions;
    uint256 public totalAttributions;

    address public keeper; //keeper can operate utilize(), if address zero, anyone can operate.
    uint256 public balance; //balance of underlying token
    uint256 public totalDebt; //total debt balance. 1debt:1token

    uint256 public constant MAGIC_SCALE_1E6 = 1e6; //internal multiplication scale 1e6 to reduce decimal truncation



    event ControllerSet(address controller);

    modifier onlyOwner() {
        require(
            ownership.owner() == msg.sender,
            ""Restricted: caller is not allowed to operate""
        );
        _;
    }

    modifier onlyMarket() {
        require(
            IRegistry(registry).isListed(msg.sender),
            ""ERROR_ONLY_MARKET""
        );
        _;
    }

    constructor(
        address _token,
        address _registry,
        address _controller,
        address _ownership
    ) {
        require(_token != address(0));
        require(_registry != address(0));
        require(_ownership != address(0));
        //controller can be zero

        token = _token;
        registry = IRegistry(_registry);
        controller = IController(_controller);
        ownership = IOwnership(_ownership);
    }

    /**
     * Vault Functions
     */

    /**
     * @notice A market contract can deposit collateral and get attribution point in return
     * @param  _amount amount of tokens to deposit
     * @param _from sender's address
     * @param _beneficiaries beneficiary's address array
     * @param _shares funds share within beneficiaries (100% = 1e6)
     * @return _allocations attribution amount generated from the transaction
     */
    function addValueBatch(
        uint256 _amount,
        address _from,
        address[2] memory _beneficiaries,
        uint256[2] memory _shares
    ) external override onlyMarket returns (uint256[2] memory _allocations) {
        
        require(_shares[0] + _shares[1] == 1000000, ""ERROR_INCORRECT_SHARE"");

        uint256 _attributions;
        if (totalAttributions == 0) {
            _attributions = _amount;
        } else {
            uint256 _pool = valueAll();
            _attributions = (_amount * totalAttributions) / _pool;
        }
        IERC20(token).safeTransferFrom(_from, address(this), _amount);

        balance += _amount;
        totalAttributions += _attributions;
        for (uint128 i = 0; i < 2; i++) {
            uint256 _allocation = (_shares[i] * _attributions) / MAGIC_SCALE_1E6;
            attributions[_beneficiaries[i]] += _allocation;
            _allocations[i] = _allocation;
        }
    }

    /**
     * @notice A market contract can deposit collateral and get attribution point in return
     * @param  _amount amount of tokens to deposit
     * @param _from sender's address
     * @param _beneficiary beneficiary's address
     * @return _attributions attribution amount generated from the transaction
     */

    function addValue(
        uint256 _amount,
        address _from,
        address _beneficiary
    ) external override onlyMarket returns (uint256 _attributions) {

        if (totalAttributions == 0) {
            _attributions = _amount;
        } else {
            uint256 _pool = valueAll();
            _attributions = (_amount * totalAttributions) / _pool;
        }
        IERC20(token).safeTransferFrom(_from, address(this), _amount);
        balance += _amount;
        totalAttributions += _attributions;
        attributions[_beneficiary] += _attributions;
    }

    /**
     * @notice an address that has balance in the vault can withdraw underlying value
     * @param _amount amount of tokens to withdraw
     * @param _to address to get underlying tokens
     * @return _attributions amount of attributions burnet
     */
    function withdrawValue(uint256 _amount, address _to)
        external
        override
        returns (uint256 _attributions)
    {
        require(
            attributions[msg.sender] > 0 &&
                underlyingValue(msg.sender) >= _amount,
            ""ERROR_WITHDRAW-VALUE_BADCONDITOONS""
        );
        _attributions = (totalAttributions * _amount) / valueAll();

        attributions[msg.sender] -= _attributions;
        totalAttributions -= _attributions;

        if (available() < _amount) {
            //when USDC in this contract isn't enough
            uint256 _shortage = _amount - available();
            _unutilize(_shortage);

            assert(available() >= _amount);
        }

        balance -= _amount;
        IERC20(token).safeTransfer(_to, _amount);
    }

    /**
     * @notice an address that has balance in the vault can transfer underlying value
     * @param _amount sender of value
     * @param _destination reciepient of value
     */

    function transferValue(uint256 _amount, address _destination)
        external
        override
        returns (uint256 _attributions)
    {
        require(
            attributions[msg.sender] > 0 &&
                underlyingValue(msg.sender) >= _amount,
            ""ERROR_TRANSFER-VALUE_BADCONDITOONS""
        );
        _attributions = (_amount * totalAttributions) / valueAll();
        attributions[msg.sender] -= _attributions;
        attributions[_destination] += _attributions;
    }

    /**
     * @notice a registered contract can borrow balance from the vault
     * @param _amount borrow amount
     * @param _to borrower's address
     */
    function borrowValue(uint256 _amount, address _to) external onlyMarket override {
        debts[msg.sender] += _amount;
        totalDebt += _amount;

        IERC20(token).safeTransfer(_to, _amount);
    }

    /**
     * @notice an address that has balance in the vault can offset an address's debt
     * @param _amount debt amount to offset
     * @param _target borrower's address
     */

    function offsetDebt(uint256 _amount, address _target)
        external
        override
        returns (uint256 _attributions)
    {
        require(
            attributions[msg.sender] > 0 &&
                underlyingValue(msg.sender) >= _amount,
            ""ERROR_REPAY_DEBT_BADCONDITOONS""
        );
        _attributions = (_amount * totalAttributions) / valueAll();
        attributions[msg.sender] -= _attributions;
        totalAttributions -= _attributions;
        balance -= _amount;
        debts[_target] -= _amount;
        totalDebt -= _amount;
    }

    /**
     * @notice a registerd market can transfer their debt to system debt
     * @param _amount debt amount to transfer
     * @dev will be called when CDS could not afford when resume the market.
     */
    function transferDebt(uint256 _amount) external onlyMarket override {

        if(_amount != 0){
            debts[msg.sender] -= _amount;
            debts[address(0)] += _amount;
        }
    }

    /**
     * @notice anyone can repay the system debt by sending tokens to this contract
     * @param _amount debt amount to repay
     * @param _target borrower's address
     */
    function repayDebt(uint256 _amount, address _target) external override {
        uint256 _debt = debts[_target];
        if (_debt >= _amount) {
            debts[_target] -= _amount;
            totalDebt -= _amount;
            IERC20(token).safeTransferFrom(msg.sender, address(this), _amount);
        } else {
            debts[_target] = 0;
            totalDebt -= _debt;
            IERC20(token).safeTransferFrom(msg.sender, address(this), _debt);
        }
    }

    /**
     * @notice an address that has balance in the vault can withdraw value denominated in attribution
     * @param _attribution amount of attribution to burn
     * @param _to beneficiary's address
     * @return _retVal number of tokens withdrawn from the transaction
     */
    function withdrawAttribution(uint256 _attribution, address _to)
        external
        override
        returns (uint256 _retVal)
    {
        _retVal = _withdrawAttribution(_attribution, _to);
    }

    /**
     * @notice an address that has balance in the vault can withdraw all value
     * @param _to beneficiary's address
     * @return _retVal number of tokens withdrawn from the transaction
     */
    function withdrawAllAttribution(address _to)
        external
        override
        returns (uint256 _retVal)
    {
        _retVal = _withdrawAttribution(attributions[msg.sender], _to);
    }

    /**
     * @notice an address that has balance in the vault can withdraw all value
     * @param _attribution amount of attribution to burn
     * @param _to beneficiary's address
     * @return _retVal number of tokens withdrawn from the transaction
     */
    function _withdrawAttribution(uint256 _attribution, address _to)
        internal
        returns (uint256 _retVal)
    {
        require(
            attributions[msg.sender] >= _attribution,
            ""ERROR_WITHDRAW-ATTRIBUTION_BADCONDITOONS""
        );
        _retVal = (_attribution * valueAll()) / totalAttributions;

        attributions[msg.sender] -= _attribution;
        totalAttributions -= _attribution;

        if (available() < _retVal) {
            uint256 _shortage = _retVal - available();
            _unutilize(_shortage);
        }

        balance -= _retVal;
        IERC20(token).safeTransfer(_to, _retVal);
    }

    /**
     * @notice an address that has balance in the vault can transfer value denominated in attribution
     * @param _amount amount of attribution to transfer
     * @param _destination reciepient of attribution
     */
    function transferAttribution(uint256 _amount, address _destination)
        external
        override
    {
        require(_destination != address(0), ""ERROR_ZERO_ADDRESS"");

        require(
            _amount != 0 && attributions[msg.sender] >= _amount,
            ""ERROR_TRANSFER-ATTRIBUTION_BADCONDITOONS""
        );

        attributions[msg.sender] -= _amount;
        attributions[_destination] += _amount;
    }

    /**
     * @notice the controller can utilize all available stored funds
     * @return _amount amount of tokens utilized
     */
    function utilize() external override returns (uint256 _amount) {
        if (keeper != address(0)) {
            require(msg.sender == keeper, ""ERROR_NOT_KEEPER"");
        }
        _amount = available(); //balance
        if (_amount > 0) {
            IERC20(token).safeTransfer(address(controller), _amount);
            balance -= _amount;
            controller.earn(address(token), _amount);
        }
    }

    /**
     * @notice get attribution number for the specified address
     * @param _target target address
     * @return amount of attritbution
     */

    function attributionOf(address _target)
        external
        view
        override
        returns (uint256)
    {
        return attributions[_target];
    }

    /**
     * @notice get all attribution number for this contract
     * @return amount of all attribution
     */
    function attributionAll() external view returns (uint256) {
        return totalAttributions;
    }

    /**
     * @notice Convert attribution number into underlying assset value
     * @param _attribution amount of attribution
     * @return token value of input attribution
     */
    function attributionValue(uint256 _attribution)
        external
        view
        override
        returns (uint256)
    {
        if (totalAttributions > 0 && _attribution > 0) {
            return (_attribution * valueAll()) / totalAttributions;
        } else {
            return 0;
        }
    }

    /**
     * @notice return underlying value of the specified address
     * @param _target target address
     * @return token value of target address
     */
    function underlyingValue(address _target)
        public
        view
        override
        returns (uint256)
    {
        if (attributions[_target] > 0) {
            return (valueAll() * attributions[_target]) / totalAttributions;
        } else {
            return 0;
        }
    }

    /**
     * @notice return underlying value of this contract
     * @return all token value of the vault
     */
    function valueAll() public view returns (uint256) {
        if (address(controller) != address(0)) {
            return balance + controller.valueAll();
        } else {
            return balance;
        }
    }

    /**
     * @notice internal function to unutilize the funds and keep utilization rate
     * @param _amount amount to withdraw from controller
     */
    function _unutilize(uint256 _amount) internal {
        require(address(controller) != address(0), ""ERROR_CONTROLLER_NOT_SET"");

        controller.withdraw(address(this), _amount);
        balance += _amount;
    }

    /**
     * @notice return how much funds in this contract is available to be utilized
     * @return available balance to utilize
     */
    function available() public view returns (uint256) {
        return balance - totalDebt;
    }

    /**
     * @notice return how much price for each attribution
     * @return value of one share of attribution
     */
    function getPricePerFullShare() public view returns (uint256) {
        return (valueAll() * MAGIC_SCALE_1E6) / totalAttributions;
    }

    /**
     * onlyOwner
     */

    /**
     * @notice withdraw redundant token stored in this contract
     * @param _token token address
     * @param _to beneficiary's address
     */
    function withdrawRedundant(address _token, address _to)
        external
        override
        onlyOwner
    {
        if (
            _token == address(token) &&
            balance < IERC20(token).balanceOf(address(this))
        ) {
            uint256 _redundant = IERC20(token).balanceOf(address(this)) -
                balance;
            IERC20(token).safeTransfer(_to, _redundant);
        } else if (IERC20(_token).balanceOf(address(this)) > 0) {
            IERC20(_token).safeTransfer(
                _to,
                IERC20(_token).balanceOf(address(this))
            );
        }
    }

    /**
     * @notice admin function to set controller address
     * @param _controller address of the controller
     */
    function setController(address _controller) public override onlyOwner {
        require(_controller != address(0), ""ERROR_ZERO_ADDRESS"");

        if (address(controller) != address(0)) {
            controller.migrate(address(_controller));
            controller = IController(_controller);
        } else {
            controller = IController(_controller);
        }

        emit ControllerSet(_controller);
    }

    /**
     * @notice the controller can utilize all available stored funds
     * @param _keeper keeper address
     */
    function setKeeper(address _keeper) external override onlyOwner {
        if (keeper != _keeper) {
            keeper = _keeper;
        }
    }
}
"".
Ideas: "" Missing 'onlyOwner' Modifier Identified.

VULNERABILITY: Missing 'onlyOwner' Modifier
'''
The contract has several functions that can be executed without the `onlyOwner` modifier, which is intended to restrict access to certain critical functionalities. Specifically, the `setController` and `setKeeper` functions are designed to allow the contract owner to set the controller and keeper addresses, respectively. However, if these functions are not properly restricted, any user can call them, potentially leading to unauthorized changes in the contract's state. This could allow malicious actors to change the controller to a malicious contract or set the keeper to an unauthorized address, leading to loss of funds or control over the contract.

Recommended Mitigation/Fix:
- Ensure that the `setController` and `setKeeper` functions include the `onlyOwner` modifier to restrict access to only the contract owner. This will prevent unauthorized users from executing these critical functions and protect the integrity of the contract.
'''"".
As the Security Analyst, your primary objective is to perform a thorough and detailed inspection of the provided contract code, with a particular focus on identifying vulnerabilities related to Misuse of `msg.value` within a Loop. There are key indicators of this vulnerability:
1. Incorrectly allocating the total `msg.value` to each item within a loop, rather than dividing `msg.value` properly among the items.
2. Misallocation of funds where each iteration of the loop assigns the entire `msg.value` instead of the correct portion, leading to an unintended and excessive distribution.
If you identify Misuse of `msg.value` within a Loop, respond with: """,,,"<INFO> Redundant Conditional Check Identified.
```
REDUNDANT CONDITIONAL CHECK
'''
In the `transferDebt` function, the condition `if(_amount != 0)` is checked before performing the debt transfer. However, since the function is called with a specific `_amount` parameter, it is possible that the caller may pass a zero value intentionally. This check does not add any value to the function's logic and can be considered redundant.

To mitigate this issue, the check can be removed entirely, allowing the function to proceed with the debt transfer regardless of whether `_amount` is zero or not. This will simplify the code and reduce unnecessary checks.
'''
```

[2024-10-08 11:57:05 INFO] **[Seminar Conclusion]**:

 ",,,"<INFO> Centralization Risk Identified.

**Centralization Risk in Ownership Control**
'''
The contract utilizes an ownership model where critical functions are restricted to the owner, as indicated by the `onlyOwner` modifier. This centralizes control in a single address, which poses a significant risk if that address is compromised. If an attacker gains access to the owner's private key, they could execute any function protected by this modifier, potentially leading to unauthorized withdrawals or changes to the contract's state.

**Recommended Mitigation/Fix:**
To mitigate this risk, consider implementing a multi-signature wallet for ownership control. This would require multiple parties to approve critical actions, reducing the risk of a single point of failure. Additionally, consider implementing a time-lock mechanism for sensitive operations, allowing users to react before changes take effect.
'''

**Centralization Risk in Keeper Role**
'''
The `keeper` variable allows a single address to execute the `utilize()` function, which can transfer all available funds to the controller. If the keeper's address is compromised, an attacker could drain the contract's funds without any checks or balances.

**Recommended Mitigation/Fix:**
Implement a multi-signature mechanism for the keeper role or allow multiple addresses to be designated as keepers. This would distribute the control over fund utilization and reduce the risk associated with a single compromised address.
'''

**Centralization Risk in Controller Management**
'''
The `setController()` function allows the owner to set a new controller address. If the owner is compromised, they could set a malicious controller, which could then manipulate the vault's funds.

**Recommended Mitigation/Fix:**
Consider implementing a governance mechanism where changes to the controller require approval from multiple stakeholders or a decentralized governance model. This would prevent a single compromised address from making critical changes to the contract's functionality.
'''

[2024-10-08 11:57:17 INFO] **[Execute Detail]**

execute SimplePhase:[FundingCalculationDetector] in ComposedPhase:[CodeReview], cycle 1

[2024-10-08 11:57:17 INFO] System: **[chatting]**

| Parameter | Value |
| --- | --- |
| **task_prompt** | pragma solidity 0.8.7; /*  * @author InsureDAO  * @title InsureDAO vault contract  * @notice  * SPDX-License-Identifier: GPL-3.0  / import ""@openzeppelin/contracts/token/ERC20/IERC20.sol""; import ""@openzeppelin/contracts/token/ERC20/utils/SafeERC20.sol""; import ""./interfaces/IOwnership.sol""; import ""./interfaces/IVault.sol""; import ""./interfaces/IController.sol""; import ""./interfaces/IRegistry.sol""; contract Vault is IVault {     using SafeERC20 for IERC20; /**  * Storage  */  address public override token; IController public controller; IRegistry public registry; IOwnership public ownership;  mapping(address =&gt; uint256) public override debts; mapping(address =&gt; uint256) public attributions; uint256 public totalAttributions;  address public keeper; //keeper can operate utilize(), if address zero, anyone can operate. uint256 public balance; //balance of underlying token uint256 public totalDebt; //total debt balance. 1debt:1token  uint256 public constant MAGIC_SCALE_1E6 = 1e6; //internal multiplication scale 1e6 to reduce decimal truncation    event ControllerSet(address controller);  modifier onlyOwner() {     require(         ownership.owner() == msg.sender,         ""Restricted: caller is not allowed to operate""     );     _; }  modifier onlyMarket() {     require(         IRegistry(registry).isListed(msg.sender),         ""ERROR_ONLY_MARKET""     );     _; }  constructor(     address _token,     address _registry,     address _controller,     address _ownership ) {     require(_token != address(0));     require(_registry != address(0));     require(_ownership != address(0));     //controller can be zero      token = _token;     registry = IRegistry(_registry);     controller = IController(_controller);     ownership = IOwnership(_ownership); }  /**  * Vault Functions  */  /**  * @notice A market contract can deposit collateral and get attribution point in return  * @param  _amount amount of tokens to deposit  * @param _from sender's address  * @param _beneficiaries beneficiary's address array  * @param _shares funds share within beneficiaries (100% = 1e6)  * @return _allocations attribution amount generated from the transaction  */ function addValueBatch(     uint256 _amount,     address _from,     address[2] memory _beneficiaries,     uint256[2] memory _shares ) external override onlyMarket returns (uint256[2] memory _allocations) {      require(_shares[0] + _shares[1] == 1000000, ""ERROR_INCORRECT_SHARE"");      uint256 _attributions;     if (totalAttributions == 0) {         _attributions = _amount;     } else {         uint256 _pool = valueAll();         _attributions = (_amount * totalAttributions) / _pool;     }     IERC20(token).safeTransferFrom(_from, address(this), _amount);      balance += _amount;     totalAttributions += _attributions;     for (uint128 i = 0; i &lt; 2; i++) {         uint256 _allocation = (_shares[i] * _attributions) / MAGIC_SCALE_1E6;         attributions[_beneficiaries[i]] += _allocation;         _allocations[i] = _allocation;     } }  /**  * @notice A market contract can deposit collateral and get attribution point in return  * @param  _amount amount of tokens to deposit  * @param _from sender's address  * @param _beneficiary beneficiary's address  * @return _attributions attribution amount generated from the transaction  */  function addValue(     uint256 _amount,     address _from,     address _beneficiary ) external override onlyMarket returns (uint256 _attributions) {      if (totalAttributions == 0) {         _attributions = _amount;     } else {         uint256 _pool = valueAll();         _attributions = (_amount * totalAttributions) / _pool;     }     IERC20(token).safeTransferFrom(_from, address(this), _amount);     balance += _amount;     totalAttributions += _attributions;     attributions[_beneficiary] += _attributions; }  /**  * @notice an address that has balance in the vault can withdraw underlying value  * @param _amount amount of tokens to withdraw  * @param _to address to get underlying tokens  * @return _attributions amount of attributions burnet  */ function withdrawValue(uint256 _amount, address _to)     external     override     returns (uint256 _attributions) {     require(         attributions[msg.sender] &gt; 0 &amp;&amp;             underlyingValue(msg.sender) &gt;= _amount,         ""ERROR_WITHDRAW-VALUE_BADCONDITOONS""     );     _attributions = (totalAttributions * _amount) / valueAll();      attributions[msg.sender] -= _attributions;     totalAttributions -= _attributions;      if (available() &lt; _amount) {         //when USDC in this contract isn't enough         uint256 _shortage = _amount - available();         _unutilize(_shortage);          assert(available() &gt;= _amount);     }      balance -= _amount;     IERC20(token).safeTransfer(_to, _amount); }  /**  * @notice an address that has balance in the vault can transfer underlying value  * @param _amount sender of value  * @param _destination reciepient of value  */  function transferValue(uint256 _amount, address _destination)     external     override     returns (uint256 _attributions) {     require(         attributions[msg.sender] &gt; 0 &amp;&amp;             underlyingValue(msg.sender) &gt;= _amount,         ""ERROR_TRANSFER-VALUE_BADCONDITOONS""     );     _attributions = (_amount * totalAttributions) / valueAll();     attributions[msg.sender] -= _attributions;     attributions[_destination] += _attributions; }  /**  * @notice a registered contract can borrow balance from the vault  * @param _amount borrow amount  * @param _to borrower's address  */ function borrowValue(uint256 _amount, address _to) external onlyMarket override {     debts[msg.sender] += _amount;     totalDebt += _amount;      IERC20(token).safeTransfer(_to, _amount); }  /**  * @notice an address that has balance in the vault can offset an address's debt  * @param _amount debt amount to offset  * @param _target borrower's address  */  function offsetDebt(uint256 _amount, address _target)     external     override     returns (uint256 _attributions) {     require(         attributions[msg.sender] &gt; 0 &amp;&amp;             underlyingValue(msg.sender) &gt;= _amount,         ""ERROR_REPAY_DEBT_BADCONDITOONS""     );     _attributions = (_amount * totalAttributions) / valueAll();     attributions[msg.sender] -= _attributions;     totalAttributions -= _attributions;     balance -= _amount;     debts[_target] -= _amount;     totalDebt -= _amount; }  /**  * @notice a registerd market can transfer their debt to system debt  * @param _amount debt amount to transfer  * @dev will be called when CDS could not afford when resume the market.  */ function transferDebt(uint256 _amount) external onlyMarket override {      if(_amount != 0){         debts[msg.sender] -= _amount;         debts[address(0)] += _amount;     } }  /**  * @notice anyone can repay the system debt by sending tokens to this contract  * @param _amount debt amount to repay  * @param _target borrower's address  */ function repayDebt(uint256 _amount, address _target) external override {     uint256 _debt = debts[_target];     if (_debt &gt;= _amount) {         debts[_target] -= _amount;         totalDebt -= _amount;         IERC20(token).safeTransferFrom(msg.sender, address(this), _amount);     } else {         debts[_target] = 0;         totalDebt -= _debt;         IERC20(token).safeTransferFrom(msg.sender, address(this), _debt);     } }  /**  * @notice an address that has balance in the vault can withdraw value denominated in attribution  * @param _attribution amount of attribution to burn  * @param _to beneficiary's address  * @return _retVal number of tokens withdrawn from the transaction  */ function withdrawAttribution(uint256 _attribution, address _to)     external     override     returns (uint256 _retVal) {     _retVal = _withdrawAttribution(_attribution, _to); }  /**  * @notice an address that has balance in the vault can withdraw all value  * @param _to beneficiary's address  * @return _retVal number of tokens withdrawn from the transaction  */ function withdrawAllAttribution(address _to)     external     override     returns (uint256 _retVal) {     _retVal = _withdrawAttribution(attributions[msg.sender], _to); }  /**  * @notice an address that has balance in the vault can withdraw all value  * @param _attribution amount of attribution to burn  * @param _to beneficiary's address  * @return _retVal number of tokens withdrawn from the transaction  */ function _withdrawAttribution(uint256 _attribution, address _to)     internal     returns (uint256 _retVal) {     require(         attributions[msg.sender] &gt;= _attribution,         ""ERROR_WITHDRAW-ATTRIBUTION_BADCONDITOONS""     );     _retVal = (_attribution * valueAll()) / totalAttributions;      attributions[msg.sender] -= _attribution;     totalAttributions -= _attribution;      if (available() &lt; _retVal) {         uint256 _shortage = _retVal - available();         _unutilize(_shortage);     }      balance -= _retVal;     IERC20(token).safeTransfer(_to, _retVal); }  /**  * @notice an address that has balance in the vault can transfer value denominated in attribution  * @param _amount amount of attribution to transfer  * @param _destination reciepient of attribution  */ function transferAttribution(uint256 _amount, address _destination)     external     override {     require(_destination != address(0), ""ERROR_ZERO_ADDRESS"");      require(         _amount != 0 &amp;&amp; attributions[msg.sender] &gt;= _amount,         ""ERROR_TRANSFER-ATTRIBUTION_BADCONDITOONS""     );      attributions[msg.sender] -= _amount;     attributions[_destination] += _amount; }  /**  * @notice the controller can utilize all available stored funds  * @return _amount amount of tokens utilized  */ function utilize() external override returns (uint256 _amount) {     if (keeper != address(0)) {         require(msg.sender == keeper, ""ERROR_NOT_KEEPER"");     }     _amount = available(); //balance     if (_amount &gt; 0) {         IERC20(token).safeTransfer(address(controller), _amount);         balance -= _amount;         controller.earn(address(token), _amount);     } }  /**  * @notice get attribution number for the specified address  * @param _target target address  * @return amount of attritbution  */  function attributionOf(address _target)     external     view     override     returns (uint256) {     return attributions[_target]; }  /**  * @notice get all attribution number for this contract  * @return amount of all attribution  */ function attributionAll() external view returns (uint256) {     return totalAttributions; }  /**  * @notice Convert attribution number into underlying assset value  * @param _attribution amount of attribution  * @return token value of input attribution  */ function attributionValue(uint256 _attribution)     external     view     override     returns (uint256) {     if (totalAttributions &gt; 0 &amp;&amp; _attribution &gt; 0) {         return (_attribution * valueAll()) / totalAttributions;     } else {         return 0;     } }  /**  * @notice return underlying value of the specified address  * @param _target target address  * @return token value of target address  */ function underlyingValue(address _target)     public     view     override     returns (uint256) {     if (attributions[_target] &gt; 0) {         return (valueAll() * attributions[_target]) / totalAttributions;     } else {         return 0;     } }  /**  * @notice return underlying value of this contract  * @return all token value of the vault  */ function valueAll() public view returns (uint256) {     if (address(controller) != address(0)) {         return balance + controller.valueAll();     } else {         return balance;     } }  /**  * @notice internal function to unutilize the funds and keep utilization rate  * @param _amount amount to withdraw from controller  */ function _unutilize(uint256 _amount) internal {     require(address(controller) != address(0), ""ERROR_CONTROLLER_NOT_SET"");      controller.withdraw(address(this), _amount);     balance += _amount; }  /**  * @notice return how much funds in this contract is available to be utilized  * @return available balance to utilize  */ function available() public view returns (uint256) {     return balance - totalDebt; }  /**  * @notice return how much price for each attribution  * @return value of one share of attribution  */ function getPricePerFullShare() public view returns (uint256) {     return (valueAll() * MAGIC_SCALE_1E6) / totalAttributions; }  /**  * onlyOwner  */  /**  * @notice withdraw redundant token stored in this contract  * @param _token token address  * @param _to beneficiary's address  */ function withdrawRedundant(address _token, address _to)     external     override     onlyOwner {     if (         _token == address(token) &amp;&amp;         balance &lt; IERC20(token).balanceOf(address(this))     ) {         uint256 _redundant = IERC20(token).balanceOf(address(this)) -             balance;         IERC20(token).safeTransfer(_to, _redundant);     } else if (IERC20(_token).balanceOf(address(this)) &gt; 0) {         IERC20(_token).safeTransfer(             _to,             IERC20(_token).balanceOf(address(this))         );     } }  /**  * @notice admin function to set controller address  * @param _controller address of the controller  */ function setController(address _controller) public override onlyOwner {     require(_controller != address(0), ""ERROR_ZERO_ADDRESS"");      if (address(controller) != address(0)) {         controller.migrate(address(_controller));         controller = IController(_controller);     } else {         controller = IController(_controller);     }      emit ControllerSet(_controller); }  /**  * @notice the controller can utilize all available stored funds  * @param _keeper keeper address  */ function setKeeper(address _keeper) external override onlyOwner {     if (keeper != _keeper) {         keeper = _keeper;     } }  } |
| **need_reflect** | False |
| **assistant_role_name** | Security Analyst |
| **user_role_name** | Solidity Programming Expert |
| **phase_prompt** | Given the user's task and the brainstorming ideas provided: Task: ""{task}"". Ideas: ""{ideas}"". As the {assistant_role}, your primary objective is to perform a thorough and detailed inspection of the provided contract code, with a particular focus on identifying vulnerabilities related to Funding Rate Calculation Precision. There are two cases where the code may have Funding Rate Calculation Precision vulnerabilities: 1. Simplistic funding rate calculation that does not consider all necessary factors. This can lead to incorrect funding rates, which can be manipulated by providing incorrect input values. A robust funding rate calculation should account for various factors and validations to prevent exploitation. 2. Lack of input validation for critical parameters (e.g., spotPrice, markPrice) used in the funding rate calculation. Malicious actors could potentially manipulate these parameters to influence the funding rate calculation. If you identify a Simplistic funding rate calculation or Lack of input validation, respond with: "" Incorrect Funding Rate Calculation Identified."" For each vulnerability identified, use the following format: VULNERABILITY NAME or TYPE ''' DETAILED DESCRIPTION of the vulnerability, AND recommended mitigation/fix with no upgrade code ''' If you don't find any vulnerabilities, respond only with: "" NO Incorrect Funding Rate Calculation."" |
| **phase_name** | FundingCalculationDetector |
| **assistant_role_prompt** | {chatdev_prompt} You are Security Analyst. Now, we are both working at ChatDev and share a common interest in collaborating to successfully execute a marketing strategy for a new customer. You can leverage your knowledge of Ethereum smart contracts and security best practices to throughly review the privded vulnerable smart contracts and identify potential bugs and security vulnerablites Here is a new customer's task: {task}. To complete the task,  you must write a response that appropriately solves the requested instruction based on your expertise and customer's needs. |
| **user_role_prompt** | {chatdev_prompt} You are Solidity Programming Expert. Now, we are both working at ChatDev and share a common interest in collaborating to successfully execute a marketing strategy for a new customer. You can analyze the code structure, logic, and implementation details of the contracts. You have extensive computing and coding experience in Solidity programming language. Here is a new customer's task: {task}. To complete the task,  you must write a response that appropriately solves the requested instruction based on your expertise and customer's needs. |
| **chat_turn_limit** | 1 |
| **placeholders** | {'cycle_num': 1, 'modification_conclusion': '', 'cycle_index': 1, 'task': 'pragma solidity 0.8.7;\n\n/\n * @author InsureDAO\n * @title InsureDAO vault contract\n * @notice\n * SPDX-License-Identifier: GPL-3.0\n */\nimport ""@openzeppelin/contracts/token/ERC20/IERC20.sol"";\nimport ""@openzeppelin/contracts/token/ERC20/utils/SafeERC20.sol"";\n\nimport ""./interfaces/IOwnership.sol"";\nimport ""./interfaces/IVault.sol"";\n\nimport ""./interfaces/IController.sol"";\nimport ""./interfaces/IRegistry.sol"";\n\ncontract Vault is IVault {\n    using SafeERC20 for IERC20;\n\n    /\n     * Storage\n     /\n\n    address public override token;\n    IController public controller;\n    IRegistry public registry;\n    IOwnership public ownership;\n\n    mapping(address =&gt; uint256) public override debts;\n    mapping(address =&gt; uint256) public attributions;\n    uint256 public totalAttributions;\n\n    address public keeper; //keeper can operate utilize(), if address zero, anyone can operate.\n    uint256 public balance; //balance of underlying token\n    uint256 public totalDebt; //total debt balance. 1debt:1token\n\n    uint256 public constant MAGIC_SCALE_1E6 = 1e6; //internal multiplication scale 1e6 to reduce decimal truncation\n\n\n\n    event ControllerSet(address controller);\n\n    modifier onlyOwner() {\n        require(\n            ownership.owner() == msg.sender,\n            ""Restricted: caller is not allowed to operate""\n        );\n        ;\n    }\n\n    modifier onlyMarket() {\n        require(\n            IRegistry(registry).isListed(msg.sender),\n            ""ERROR_ONLY_MARKET""\n        );\n        ;\n    }\n\n    constructor(\n        address _token,\n        address _registry,\n        address _controller,\n        address _ownership\n    ) {\n        require(_token != address(0));\n        require(_registry != address(0));\n        require(_ownership != address(0));\n        //controller can be zero\n\n        token = _token;\n        registry = IRegistry(_registry);\n        controller = IController(_controller);\n        ownership = IOwnership(_ownership);\n    }\n\n    /\n     * Vault Functions\n     /\n\n    /\n     * @notice A market contract can deposit collateral and get attribution point in return\n     * @param  _amount amount of tokens to deposit\n     * @param _from sender\'s address\n     * @param _beneficiaries beneficiary\'s address array\n     * @param _shares funds share within beneficiaries (100% = 1e6)\n     * @return _allocations attribution amount generated from the transaction\n     */\n    function addValueBatch(\n        uint256 _amount,\n        address _from,\n        address[2] memory _beneficiaries,\n        uint256[2] memory _shares\n    ) external override onlyMarket returns (uint256[2] memory _allocations) {\n        \n        require(_shares[0] + _shares[1] == 1000000, ""ERROR_INCORRECT_SHARE"");\n\n        uint256 _attributions;\n        if (totalAttributions == 0) {\n            _attributions = _amount;\n        } else {\n            uint256 _pool = valueAll();\n            _attributions = (_amount * totalAttributions) / _pool;\n        }\n        IERC20(token).safeTransferFrom(_from, address(this), _amount);\n\n        balance += _amount;\n        totalAttributions += _attributions;\n        for (uint128 i = 0; i &lt; 2; i++) {\n            uint256 _allocation = (_shares[i] * _attributions) / MAGIC_SCALE_1E6;\n            attributions[_beneficiaries[i]] += _allocation;\n            _allocations[i] = _allocation;\n        }\n    }\n\n    /\n     * @notice A market contract can deposit collateral and get attribution point in return\n     * @param  _amount amount of tokens to deposit\n     * @param _from sender\'s address\n     * @param _beneficiary beneficiary\'s address\n     * @return _attributions attribution amount generated from the transaction\n     /\n\n    function addValue(\n        uint256 _amount,\n        address _from,\n        address _beneficiary\n    ) external override onlyMarket returns (uint256 _attributions) {\n\n        if (totalAttributions == 0) {\n            _attributions = _amount;\n        } else {\n            uint256 _pool = valueAll();\n            _attributions = (_amount * totalAttributions) / _pool;\n        }\n        IERC20(token).safeTransferFrom(_from, address(this), _amount);\n        balance += _amount;\n        totalAttributions += _attributions;\n        attributions[_beneficiary] += _attributions;\n    }\n\n    /\n     * @notice an address that has balance in the vault can withdraw underlying value\n     * @param _amount amount of tokens to withdraw\n     * @param _to address to get underlying tokens\n     * @return _attributions amount of attributions burnet\n     /\n    function withdrawValue(uint256 _amount, address _to)\n        external\n        override\n        returns (uint256 _attributions)\n    {\n        require(\n            attributions[msg.sender] &gt; 0 &amp;&amp;\n                underlyingValue(msg.sender) &gt;= _amount,\n            ""ERROR_WITHDRAW-VALUE_BADCONDITOONS""\n        );\n        _attributions = (totalAttributions * _amount) / valueAll();\n\n        attributions[msg.sender] -= _attributions;\n        totalAttributions -= _attributions;\n\n        if (available() &lt; _amount) {\n            //when USDC in this contract isn\'t enough\n            uint256 _shortage = _amount - available();\n            _unutilize(_shortage);\n\n            assert(available() &gt;= _amount);\n        }\n\n        balance -= _amount;\n        IERC20(token).safeTransfer(_to, _amount);\n    }\n\n    /\n     * @notice an address that has balance in the vault can transfer underlying value\n     * @param _amount sender of value\n     * @param _destination reciepient of value\n     */\n\n    function transferValue(uint256 _amount, address _destination)\n        external\n        override\n        returns (uint256 _attributions)\n    {\n        require(\n            attributions[msg.sender] &gt; 0 &amp;&amp;\n                underlyingValue(msg.sender) &gt;= _amount,\n            ""ERROR_TRANSFER-VALUE_BADCONDITOONS""\n        );\n        _attributions = (_amount * totalAttributions) / valueAll();\n        attributions[msg.sender] -= _attributions;\n        attributions[_destination] += _attributions;\n    }\n\n    /\n     * @notice a registered contract can borrow balance from the vault\n     * @param _amount borrow amount\n     * @param _to borrower\'s address\n     /\n    function borrowValue(uint256 _amount, address _to) external onlyMarket override {\n        debts[msg.sender] += _amount;\n        totalDebt += _amount;\n\n        IERC20(token).safeTransfer(_to, _amount);\n    }\n\n    /\n     * @notice an address that has balance in the vault can offset an address\'s debt\n     * @param _amount debt amount to offset\n     * @param _target borrower\'s address\n     /\n\n    function offsetDebt(uint256 _amount, address _target)\n        external\n        override\n        returns (uint256 _attributions)\n    {\n        require(\n            attributions[msg.sender] &gt; 0 &amp;&amp;\n                underlyingValue(msg.sender) &gt;= _amount,\n            ""ERROR_REPAY_DEBT_BADCONDITOONS""\n        );\n        _attributions = (_amount * totalAttributions) / valueAll();\n        attributions[msg.sender] -= _attributions;\n        totalAttributions -= _attributions;\n        balance -= _amount;\n        debts[_target] -= _amount;\n        totalDebt -= _amount;\n    }\n\n    /\n     * @notice a registerd market can transfer their debt to system debt\n     * @param _amount debt amount to transfer\n     * @dev will be called when CDS could not afford when resume the market.\n     */\n    function transferDebt(uint256 _amount) external onlyMarket override {\n\n        if(_amount != 0){\n            debts[msg.sender] -= _amount;\n            debts[address(0)] += _amount;\n        }\n    }\n\n    /\n     * @notice anyone can repay the system debt by sending tokens to this contract\n     * @param _amount debt amount to repay\n     * @param _target borrower\'s address\n     /\n    function repayDebt(uint256 _amount, address _target) external override {\n        uint256 _debt = debts[_target];\n        if (_debt &gt;= _amount) {\n            debts[_target] -= _amount;\n            totalDebt -= _amount;\n            IERC20(token).safeTransferFrom(msg.sender, address(this), _amount);\n        } else {\n            debts[_target] = 0;\n            totalDebt -= _debt;\n            IERC20(token).safeTransferFrom(msg.sender, address(this), _debt);\n        }\n    }\n\n    /\n     * @notice an address that has balance in the vault can withdraw value denominated in attribution\n     * @param _attribution amount of attribution to burn\n     * @param _to beneficiary\'s address\n     * @return _retVal number of tokens withdrawn from the transaction\n     /\n    function withdrawAttribution(uint256 _attribution, address _to)\n        external\n        override\n        returns (uint256 _retVal)\n    {\n        _retVal = _withdrawAttribution(_attribution, _to);\n    }\n\n    /\n     * @notice an address that has balance in the vault can withdraw all value\n     * @param _to beneficiary\'s address\n     * @return _retVal number of tokens withdrawn from the transaction\n     */\n    function withdrawAllAttribution(address _to)\n        external\n        override\n        returns (uint256 _retVal)\n    {\n        _retVal = _withdrawAttribution(attributions[msg.sender], _to);\n    }\n\n    /\n     * @notice an address that has balance in the vault can withdraw all value\n     * @param _attribution amount of attribution to burn\n     * @param _to beneficiary\'s address\n     * @return _retVal number of tokens withdrawn from the transaction\n     /\n    function _withdrawAttribution(uint256 _attribution, address _to)\n        internal\n        returns (uint256 _retVal)\n    {\n        require(\n            attributions[msg.sender] &gt;= _attribution,\n            ""ERROR_WITHDRAW-ATTRIBUTION_BADCONDITOONS""\n        );\n        _retVal = (_attribution * valueAll()) / totalAttributions;\n\n        attributions[msg.sender] -= _attribution;\n        totalAttributions -= _attribution;\n\n        if (available() &lt; _retVal) {\n            uint256 _shortage = _retVal - available();\n            _unutilize(_shortage);\n        }\n\n        balance -= _retVal;\n        IERC20(token).safeTransfer(_to, _retVal);\n    }\n\n    /\n     * @notice an address that has balance in the vault can transfer value denominated in attribution\n     * @param _amount amount of attribution to transfer\n     * @param _destination reciepient of attribution\n     /\n    function transferAttribution(uint256 _amount, address _destination)\n        external\n        override\n    {\n        require(_destination != address(0), ""ERROR_ZERO_ADDRESS"");\n\n        require(\n            _amount != 0 &amp;&amp; attributions[msg.sender] &gt;= _amount,\n            ""ERROR_TRANSFER-ATTRIBUTION_BADCONDITOONS""\n        );\n\n        attributions[msg.sender] -= _amount;\n        attributions[_destination] += _amount;\n    }\n\n    /\n     * @notice the controller can utilize all available stored funds\n     * @return _amount amount of tokens utilized\n     */\n    function utilize() external override returns (uint256 _amount) {\n        if (keeper != address(0)) {\n            require(msg.sender == keeper, ""ERROR_NOT_KEEPER"");\n        }\n        _amount = available(); //balance\n        if (_amount &gt; 0) {\n            IERC20(token).safeTransfer(address(controller), _amount);\n            balance -= _amount;\n            controller.earn(address(token), _amount);\n        }\n    }\n\n    /\n     * @notice get attribution number for the specified address\n     * @param _target target address\n     * @return amount of attritbution\n     /\n\n    function attributionOf(address _target)\n        external\n        view\n        override\n        returns (uint256)\n    {\n        return attributions[_target];\n    }\n\n    /\n     * @notice get all attribution number for this contract\n     * @return amount of all attribution\n     /\n    function attributionAll() external view returns (uint256) {\n        return totalAttributions;\n    }\n\n    /\n     * @notice Convert attribution number into underlying assset value\n     * @param _attribution amount of attribution\n     * @return token value of input attribution\n     */\n    function attributionValue(uint256 _attribution)\n        external\n        view\n        override\n        returns (uint256)\n    {\n        if (totalAttributions &gt; 0 &amp;&amp; _attribution &gt; 0) {\n            return (_attribution * valueAll()) / totalAttributions;\n        } else {\n            return 0;\n        }\n    }\n\n    /\n     * @notice return underlying value of the specified address\n     * @param _target target address\n     * @return token value of target address\n     /\n    function underlyingValue(address _target)\n        public\n        view\n        override\n        returns (uint256)\n    {\n        if (attributions[_target] &gt; 0) {\n            return (valueAll() * attributions[_target]) / totalAttributions;\n        } else {\n            return 0;\n        }\n    }\n\n    /\n     * @notice return underlying value of this contract\n     * @return all token value of the vault\n     /\n    function valueAll() public view returns (uint256) {\n        if (address(controller) != address(0)) {\n            return balance + controller.valueAll();\n        } else {\n            return balance;\n        }\n    }\n\n    /\n     * @notice internal function to unutilize the funds and keep utilization rate\n     * @param _amount amount to withdraw from controller\n     */\n    function _unutilize(uint256 _amount) internal {\n        require(address(controller) != address(0), ""ERROR_CONTROLLER_NOT_SET"");\n\n        controller.withdraw(address(this), _amount);\n        balance += _amount;\n    }\n\n    /\n     * @notice return how much funds in this contract is available to be utilized\n     * @return available balance to utilize\n     /\n    function available() public view returns (uint256) {\n        return balance - totalDebt;\n    }\n\n    /\n     * @notice return how much price for each attribution\n     * @return value of one share of attribution\n     /\n    function getPricePerFullShare() public view returns (uint256) {\n        return (valueAll() * MAGIC_SCALE_1E6) / totalAttributions;\n    }\n\n    /\n     * onlyOwner\n     */\n\n    /\n     * @notice withdraw redundant token stored in this contract\n     * @param _token token address\n     * @param _to beneficiary\'s address\n     /\n    function withdrawRedundant(address _token, address _to)\n        external\n        override\n        onlyOwner\n    {\n        if (\n            _token == address(token) &amp;&amp;\n            balance &lt; IERC20(token).balanceOf(address(this))\n        ) {\n            uint256 _redundant = IERC20(token).balanceOf(address(this)) -\n                balance;\n            IERC20(token).safeTransfer(_to, _redundant);\n        } else if (IERC20(_token).balanceOf(address(this)) &gt; 0) {\n            IERC20(_token).safeTransfer(\n                _to,\n                IERC20(_token).balanceOf(address(this))\n            );\n        }\n    }\n\n    /\n     * @notice admin function to set controller address\n     * @param _controller address of the controller\n     /\n    function setController(address _controller) public override onlyOwner {\n        require(_controller != address(0), ""ERROR_ZERO_ADDRESS"");\n\n        if (address(controller) != address(0)) {\n            controller.migrate(address(_controller));\n            controller = IController(_controller);\n        } else {\n            controller = IController(_controller);\n        }\n\n        emit ControllerSet(_controller);\n    }\n\n    /\n     * @notice the controller can utilize all available stored funds\n     * @param _keeper keeper address\n     */\n    function setKeeper(address _keeper) external override onlyOwner {\n        if (keeper != _keeper) {\n            keeper = _keeper;\n        }\n    }\n}\n', 'ideas': "" Centralization Risk Identified.\n\nCentralization Risk in Ownership Control\n'''\nThe contract utilizes an ownership model where critical functions are restricted to the owner, as indicated by the onlyOwner modifier. This centralizes control in a single address, which poses a significant risk if that address is compromised. If an attacker gains access to the owner's private key, they could execute any function protected by this modifier, potentially leading to unauthorized withdrawals or changes to the contract's state.\n\nRecommended Mitigation/Fix:\nTo mitigate this risk, consider implementing a multi-signature wallet for ownership control. This would require multiple parties to approve critical actions, reducing the risk of a single point of failure. Additionally, consider implementing a time-lock mechanism for sensitive operations, allowing users to react before changes take effect.\n'''\n\nCentralization Risk in Keeper Role\n'''\nThe keeper variable allows a single address to execute the utilize() function, which can transfer all available funds to the controller. If the keeper's address is compromised, an attacker could drain the contract's funds without any checks or balances.\n\nRecommended Mitigation/Fix:\nImplement a multi-signature mechanism for the keeper role or allow multiple addresses to be designated as keepers. This would distribute the control over fund utilization and reduce the risk associated with a single compromised address.\n'''\n\nCentralization Risk in Controller Management\n'''\nThe setController() function allows the owner to set a new controller address. If the owner is compromised, they could set a malicious controller, which could then manipulate the vault's funds.\n\nRecommended Mitigation/Fix:**\nConsider implementing a governance mechanism where changes to the controller require approval from multiple stakeholders or a decentralized governance model. This would prevent a single compromised address from making critical changes to the contract's functionality.\n'''""} |
| **memory** | No existed memory |
| **model_type** | ModelType.GPT_4_O_MINI |

[2024-10-08 11:57:17 INFO] System: **[RolePlaying]**

| Parameter | Value |
| --- | --- |
| **assistant_role_name** | Security Analyst |
| **user_role_name** | Solidity Programming Expert |
| **assistant_role_prompt** | {chatdev_prompt} You are Security Analyst. Now, we are both working at ChatDev and share a common interest in collaborating to successfully execute a marketing strategy for a new customer. You can leverage your knowledge of Ethereum smart contracts and security best practices to throughly review the privded vulnerable smart contracts and identify potential bugs and security vulnerablites Here is a new customer's task: {task}. To complete the task,  you must write a response that appropriately solves the requested instruction based on your expertise and customer's needs. |
| **user_role_prompt** | {chatdev_prompt} You are Solidity Programming Expert. Now, we are both working at ChatDev and share a common interest in collaborating to successfully execute a marketing strategy for a new customer. You can analyze the code structure, logic, and implementation details of the contracts. You have extensive computing and coding experience in Solidity programming language. Here is a new customer's task: {task}. To complete the task,  you must write a response that appropriately solves the requested instruction based on your expertise and customer's needs. |
| **task_prompt** | pragma solidity 0.8.7; /*  * @author InsureDAO  * @title InsureDAO vault contract  * @notice  * SPDX-License-Identifier: GPL-3.0  / import ""@openzeppelin/contracts/token/ERC20/IERC20.sol""; import ""@openzeppelin/contracts/token/ERC20/utils/SafeERC20.sol""; import ""./interfaces/IOwnership.sol""; import ""./interfaces/IVault.sol""; import ""./interfaces/IController.sol""; import ""./interfaces/IRegistry.sol""; contract Vault is IVault {     using SafeERC20 for IERC20; /**  * Storage  */  address public override token; IController public controller; IRegistry public registry; IOwnership public ownership;  mapping(address =&gt; uint256) public override debts; mapping(address =&gt; uint256) public attributions; uint256 public totalAttributions;  address public keeper; //keeper can operate utilize(), if address zero, anyone can operate. uint256 public balance; //balance of underlying token uint256 public totalDebt; //total debt balance. 1debt:1token  uint256 public constant MAGIC_SCALE_1E6 = 1e6; //internal multiplication scale 1e6 to reduce decimal truncation    event ControllerSet(address controller);  modifier onlyOwner() {     require(         ownership.owner() == msg.sender,         ""Restricted: caller is not allowed to operate""     );     _; }  modifier onlyMarket() {     require(         IRegistry(registry).isListed(msg.sender),         ""ERROR_ONLY_MARKET""     );     _; }  constructor(     address _token,     address _registry,     address _controller,     address _ownership ) {     require(_token != address(0));     require(_registry != address(0));     require(_ownership != address(0));     //controller can be zero      token = _token;     registry = IRegistry(_registry);     controller = IController(_controller);     ownership = IOwnership(_ownership); }  /**  * Vault Functions  */  /**  * @notice A market contract can deposit collateral and get attribution point in return  * @param  _amount amount of tokens to deposit  * @param _from sender's address  * @param _beneficiaries beneficiary's address array  * @param _shares funds share within beneficiaries (100% = 1e6)  * @return _allocations attribution amount generated from the transaction  */ function addValueBatch(     uint256 _amount,     address _from,     address[2] memory _beneficiaries,     uint256[2] memory _shares ) external override onlyMarket returns (uint256[2] memory _allocations) {      require(_shares[0] + _shares[1] == 1000000, ""ERROR_INCORRECT_SHARE"");      uint256 _attributions;     if (totalAttributions == 0) {         _attributions = _amount;     } else {         uint256 _pool = valueAll();         _attributions = (_amount * totalAttributions) / _pool;     }     IERC20(token).safeTransferFrom(_from, address(this), _amount);      balance += _amount;     totalAttributions += _attributions;     for (uint128 i = 0; i &lt; 2; i++) {         uint256 _allocation = (_shares[i] * _attributions) / MAGIC_SCALE_1E6;         attributions[_beneficiaries[i]] += _allocation;         _allocations[i] = _allocation;     } }  /**  * @notice A market contract can deposit collateral and get attribution point in return  * @param  _amount amount of tokens to deposit  * @param _from sender's address  * @param _beneficiary beneficiary's address  * @return _attributions attribution amount generated from the transaction  */  function addValue(     uint256 _amount,     address _from,     address _beneficiary ) external override onlyMarket returns (uint256 _attributions) {      if (totalAttributions == 0) {         _attributions = _amount;     } else {         uint256 _pool = valueAll();         _attributions = (_amount * totalAttributions) / _pool;     }     IERC20(token).safeTransferFrom(_from, address(this), _amount);     balance += _amount;     totalAttributions += _attributions;     attributions[_beneficiary] += _attributions; }  /**  * @notice an address that has balance in the vault can withdraw underlying value  * @param _amount amount of tokens to withdraw  * @param _to address to get underlying tokens  * @return _attributions amount of attributions burnet  */ function withdrawValue(uint256 _amount, address _to)     external     override     returns (uint256 _attributions) {     require(         attributions[msg.sender] &gt; 0 &amp;&amp;             underlyingValue(msg.sender) &gt;= _amount,         ""ERROR_WITHDRAW-VALUE_BADCONDITOONS""     );     _attributions = (totalAttributions * _amount) / valueAll();      attributions[msg.sender] -= _attributions;     totalAttributions -= _attributions;      if (available() &lt; _amount) {         //when USDC in this contract isn't enough         uint256 _shortage = _amount - available();         _unutilize(_shortage);          assert(available() &gt;= _amount);     }      balance -= _amount;     IERC20(token).safeTransfer(_to, _amount); }  /**  * @notice an address that has balance in the vault can transfer underlying value  * @param _amount sender of value  * @param _destination reciepient of value  */  function transferValue(uint256 _amount, address _destination)     external     override     returns (uint256 _attributions) {     require(         attributions[msg.sender] &gt; 0 &amp;&amp;             underlyingValue(msg.sender) &gt;= _amount,         ""ERROR_TRANSFER-VALUE_BADCONDITOONS""     );     _attributions = (_amount * totalAttributions) / valueAll();     attributions[msg.sender] -= _attributions;     attributions[_destination] += _attributions; }  /**  * @notice a registered contract can borrow balance from the vault  * @param _amount borrow amount  * @param _to borrower's address  */ function borrowValue(uint256 _amount, address _to) external onlyMarket override {     debts[msg.sender] += _amount;     totalDebt += _amount;      IERC20(token).safeTransfer(_to, _amount); }  /**  * @notice an address that has balance in the vault can offset an address's debt  * @param _amount debt amount to offset  * @param _target borrower's address  */  function offsetDebt(uint256 _amount, address _target)     external     override     returns (uint256 _attributions) {     require(         attributions[msg.sender] &gt; 0 &amp;&amp;             underlyingValue(msg.sender) &gt;= _amount,         ""ERROR_REPAY_DEBT_BADCONDITOONS""     );     _attributions = (_amount * totalAttributions) / valueAll();     attributions[msg.sender] -= _attributions;     totalAttributions -= _attributions;     balance -= _amount;     debts[_target] -= _amount;     totalDebt -= _amount; }  /**  * @notice a registerd market can transfer their debt to system debt  * @param _amount debt amount to transfer  * @dev will be called when CDS could not afford when resume the market.  */ function transferDebt(uint256 _amount) external onlyMarket override {      if(_amount != 0){         debts[msg.sender] -= _amount;         debts[address(0)] += _amount;     } }  /**  * @notice anyone can repay the system debt by sending tokens to this contract  * @param _amount debt amount to repay  * @param _target borrower's address  */ function repayDebt(uint256 _amount, address _target) external override {     uint256 _debt = debts[_target];     if (_debt &gt;= _amount) {         debts[_target] -= _amount;         totalDebt -= _amount;         IERC20(token).safeTransferFrom(msg.sender, address(this), _amount);     } else {         debts[_target] = 0;         totalDebt -= _debt;         IERC20(token).safeTransferFrom(msg.sender, address(this), _debt);     } }  /**  * @notice an address that has balance in the vault can withdraw value denominated in attribution  * @param _attribution amount of attribution to burn  * @param _to beneficiary's address  * @return _retVal number of tokens withdrawn from the transaction  */ function withdrawAttribution(uint256 _attribution, address _to)     external     override     returns (uint256 _retVal) {     _retVal = _withdrawAttribution(_attribution, _to); }  /**  * @notice an address that has balance in the vault can withdraw all value  * @param _to beneficiary's address  * @return _retVal number of tokens withdrawn from the transaction  */ function withdrawAllAttribution(address _to)     external     override     returns (uint256 _retVal) {     _retVal = _withdrawAttribution(attributions[msg.sender], _to); }  /**  * @notice an address that has balance in the vault can withdraw all value  * @param _attribution amount of attribution to burn  * @param _to beneficiary's address  * @return _retVal number of tokens withdrawn from the transaction  */ function _withdrawAttribution(uint256 _attribution, address _to)     internal     returns (uint256 _retVal) {     require(         attributions[msg.sender] &gt;= _attribution,         ""ERROR_WITHDRAW-ATTRIBUTION_BADCONDITOONS""     );     _retVal = (_attribution * valueAll()) / totalAttributions;      attributions[msg.sender] -= _attribution;     totalAttributions -= _attribution;      if (available() &lt; _retVal) {         uint256 _shortage = _retVal - available();         _unutilize(_shortage);     }      balance -= _retVal;     IERC20(token).safeTransfer(_to, _retVal); }  /**  * @notice an address that has balance in the vault can transfer value denominated in attribution  * @param _amount amount of attribution to transfer  * @param _destination reciepient of attribution  */ function transferAttribution(uint256 _amount, address _destination)     external     override {     require(_destination != address(0), ""ERROR_ZERO_ADDRESS"");      require(         _amount != 0 &amp;&amp; attributions[msg.sender] &gt;= _amount,         ""ERROR_TRANSFER-ATTRIBUTION_BADCONDITOONS""     );      attributions[msg.sender] -= _amount;     attributions[_destination] += _amount; }  /**  * @notice the controller can utilize all available stored funds  * @return _amount amount of tokens utilized  */ function utilize() external override returns (uint256 _amount) {     if (keeper != address(0)) {         require(msg.sender == keeper, ""ERROR_NOT_KEEPER"");     }     _amount = available(); //balance     if (_amount &gt; 0) {         IERC20(token).safeTransfer(address(controller), _amount);         balance -= _amount;         controller.earn(address(token), _amount);     } }  /**  * @notice get attribution number for the specified address  * @param _target target address  * @return amount of attritbution  */  function attributionOf(address _target)     external     view     override     returns (uint256) {     return attributions[_target]; }  /**  * @notice get all attribution number for this contract  * @return amount of all attribution  */ function attributionAll() external view returns (uint256) {     return totalAttributions; }  /**  * @notice Convert attribution number into underlying assset value  * @param _attribution amount of attribution  * @return token value of input attribution  */ function attributionValue(uint256 _attribution)     external     view     override     returns (uint256) {     if (totalAttributions &gt; 0 &amp;&amp; _attribution &gt; 0) {         return (_attribution * valueAll()) / totalAttributions;     } else {         return 0;     } }  /**  * @notice return underlying value of the specified address  * @param _target target address  * @return token value of target address  */ function underlyingValue(address _target)     public     view     override     returns (uint256) {     if (attributions[_target] &gt; 0) {         return (valueAll() * attributions[_target]) / totalAttributions;     } else {         return 0;     } }  /**  * @notice return underlying value of this contract  * @return all token value of the vault  */ function valueAll() public view returns (uint256) {     if (address(controller) != address(0)) {         return balance + controller.valueAll();     } else {         return balance;     } }  /**  * @notice internal function to unutilize the funds and keep utilization rate  * @param _amount amount to withdraw from controller  */ function _unutilize(uint256 _amount) internal {     require(address(controller) != address(0), ""ERROR_CONTROLLER_NOT_SET"");      controller.withdraw(address(this), _amount);     balance += _amount; }  /**  * @notice return how much funds in this contract is available to be utilized  * @return available balance to utilize  */ function available() public view returns (uint256) {     return balance - totalDebt; }  /**  * @notice return how much price for each attribution  * @return value of one share of attribution  */ function getPricePerFullShare() public view returns (uint256) {     return (valueAll() * MAGIC_SCALE_1E6) / totalAttributions; }  /**  * onlyOwner  */  /**  * @notice withdraw redundant token stored in this contract  * @param _token token address  * @param _to beneficiary's address  */ function withdrawRedundant(address _token, address _to)     external     override     onlyOwner {     if (         _token == address(token) &amp;&amp;         balance &lt; IERC20(token).balanceOf(address(this))     ) {         uint256 _redundant = IERC20(token).balanceOf(address(this)) -             balance;         IERC20(token).safeTransfer(_to, _redundant);     } else if (IERC20(_token).balanceOf(address(this)) &gt; 0) {         IERC20(_token).safeTransfer(             _to,             IERC20(_token).balanceOf(address(this))         );     } }  /**  * @notice admin function to set controller address  * @param _controller address of the controller  */ function setController(address _controller) public override onlyOwner {     require(_controller != address(0), ""ERROR_ZERO_ADDRESS"");      if (address(controller) != address(0)) {         controller.migrate(address(_controller));         controller = IController(_controller);     } else {         controller = IController(_controller);     }      emit ControllerSet(_controller); }  /**  * @notice the controller can utilize all available stored funds  * @param _keeper keeper address  */ function setKeeper(address _keeper) external override onlyOwner {     if (keeper != _keeper) {         keeper = _keeper;     } }  } |
| **with_task_specify** | False |
| **memory** | No existed memory |
| **model_type** | ModelType.GPT_4_O_MINI |
| **background_prompt** | We are a specialized team that audits Solidity smart contracts using an advanced multi-agent system. Our approach combines the expertise of project management, smart contract counseling, auditing, and Solidity programming to deliver comprehensive and reliable contract assessments. |

[2024-10-08 11:57:17 INFO] Solidity Programming Expert: **[Start Chat]**

[We are a specialized team that audits Solidity smart contracts using an advanced multi-agent system. Our approach combines the expertise of project management, smart contract counseling, auditing, and Solidity programming to deliver comprehensive and reliable contract assessments.
You are Security Analyst. Now, we are both working at ChatDev and share a common interest in collaborating to successfully execute a marketing strategy for a new customer.
You can leverage your knowledge of Ethereum smart contracts and security best practices to throughly review the privded vulnerable smart contracts and identify potential bugs and security vulnerablites
Here is a new customer's task: pragma solidity 0.8.7;

/**
 * @author InsureDAO
 * @title InsureDAO vault contract
 * @notice
 * SPDX-License-Identifier: GPL-3.0
 */
import ""@openzeppelin/contracts/token/ERC20/IERC20.sol"";
import ""@openzeppelin/contracts/token/ERC20/utils/SafeERC20.sol"";

import ""./interfaces/IOwnership.sol"";
import ""./interfaces/IVault.sol"";

import ""./interfaces/IController.sol"";
import ""./interfaces/IRegistry.sol"";

contract Vault is IVault {
    using SafeERC20 for IERC20;

    /**
     * Storage
     */

    address public override token;
    IController public controller;
    IRegistry public registry;
    IOwnership public ownership;

    mapping(address => uint256) public override debts;
    mapping(address => uint256) public attributions;
    uint256 public totalAttributions;

    address public keeper; //keeper can operate utilize(), if address zero, anyone can operate.
    uint256 public balance; //balance of underlying token
    uint256 public totalDebt; //total debt balance. 1debt:1token

    uint256 public constant MAGIC_SCALE_1E6 = 1e6; //internal multiplication scale 1e6 to reduce decimal truncation



    event ControllerSet(address controller);

    modifier onlyOwner() {
        require(
            ownership.owner() == msg.sender,
            ""Restricted: caller is not allowed to operate""
        );
        _;
    }

    modifier onlyMarket() {
        require(
            IRegistry(registry).isListed(msg.sender),
            ""ERROR_ONLY_MARKET""
        );
        _;
    }

    constructor(
        address _token,
        address _registry,
        address _controller,
        address _ownership
    ) {
        require(_token != address(0));
        require(_registry != address(0));
        require(_ownership != address(0));
        //controller can be zero

        token = _token;
        registry = IRegistry(_registry);
        controller = IController(_controller);
        ownership = IOwnership(_ownership);
    }

    /**
     * Vault Functions
     */

    /**
     * @notice A market contract can deposit collateral and get attribution point in return
     * @param  _amount amount of tokens to deposit
     * @param _from sender's address
     * @param _beneficiaries beneficiary's address array
     * @param _shares funds share within beneficiaries (100% = 1e6)
     * @return _allocations attribution amount generated from the transaction
     */
    function addValueBatch(
        uint256 _amount,
        address _from,
        address[2] memory _beneficiaries,
        uint256[2] memory _shares
    ) external override onlyMarket returns (uint256[2] memory _allocations) {
        
        require(_shares[0] + _shares[1] == 1000000, ""ERROR_INCORRECT_SHARE"");

        uint256 _attributions;
        if (totalAttributions == 0) {
            _attributions = _amount;
        } else {
            uint256 _pool = valueAll();
            _attributions = (_amount * totalAttributions) / _pool;
        }
        IERC20(token).safeTransferFrom(_from, address(this), _amount);

        balance += _amount;
        totalAttributions += _attributions;
        for (uint128 i = 0; i < 2; i++) {
            uint256 _allocation = (_shares[i] * _attributions) / MAGIC_SCALE_1E6;
            attributions[_beneficiaries[i]] += _allocation;
            _allocations[i] = _allocation;
        }
    }

    /**
     * @notice A market contract can deposit collateral and get attribution point in return
     * @param  _amount amount of tokens to deposit
     * @param _from sender's address
     * @param _beneficiary beneficiary's address
     * @return _attributions attribution amount generated from the transaction
     */

    function addValue(
        uint256 _amount,
        address _from,
        address _beneficiary
    ) external override onlyMarket returns (uint256 _attributions) {

        if (totalAttributions == 0) {
            _attributions = _amount;
        } else {
            uint256 _pool = valueAll();
            _attributions = (_amount * totalAttributions) / _pool;
        }
        IERC20(token).safeTransferFrom(_from, address(this), _amount);
        balance += _amount;
        totalAttributions += _attributions;
        attributions[_beneficiary] += _attributions;
    }

    /**
     * @notice an address that has balance in the vault can withdraw underlying value
     * @param _amount amount of tokens to withdraw
     * @param _to address to get underlying tokens
     * @return _attributions amount of attributions burnet
     */
    function withdrawValue(uint256 _amount, address _to)
        external
        override
        returns (uint256 _attributions)
    {
        require(
            attributions[msg.sender] > 0 &&
                underlyingValue(msg.sender) >= _amount,
            ""ERROR_WITHDRAW-VALUE_BADCONDITOONS""
        );
        _attributions = (totalAttributions * _amount) / valueAll();

        attributions[msg.sender] -= _attributions;
        totalAttributions -= _attributions;

        if (available() < _amount) {
            //when USDC in this contract isn't enough
            uint256 _shortage = _amount - available();
            _unutilize(_shortage);

            assert(available() >= _amount);
        }

        balance -= _amount;
        IERC20(token).safeTransfer(_to, _amount);
    }

    /**
     * @notice an address that has balance in the vault can transfer underlying value
     * @param _amount sender of value
     * @param _destination reciepient of value
     */

    function transferValue(uint256 _amount, address _destination)
        external
        override
        returns (uint256 _attributions)
    {
        require(
            attributions[msg.sender] > 0 &&
                underlyingValue(msg.sender) >= _amount,
            ""ERROR_TRANSFER-VALUE_BADCONDITOONS""
        );
        _attributions = (_amount * totalAttributions) / valueAll();
        attributions[msg.sender] -= _attributions;
        attributions[_destination] += _attributions;
    }

    /**
     * @notice a registered contract can borrow balance from the vault
     * @param _amount borrow amount
     * @param _to borrower's address
     */
    function borrowValue(uint256 _amount, address _to) external onlyMarket override {
        debts[msg.sender] += _amount;
        totalDebt += _amount;

        IERC20(token).safeTransfer(_to, _amount);
    }

    /**
     * @notice an address that has balance in the vault can offset an address's debt
     * @param _amount debt amount to offset
     * @param _target borrower's address
     */

    function offsetDebt(uint256 _amount, address _target)
        external
        override
        returns (uint256 _attributions)
    {
        require(
            attributions[msg.sender] > 0 &&
                underlyingValue(msg.sender) >= _amount,
            ""ERROR_REPAY_DEBT_BADCONDITOONS""
        );
        _attributions = (_amount * totalAttributions) / valueAll();
        attributions[msg.sender] -= _attributions;
        totalAttributions -= _attributions;
        balance -= _amount;
        debts[_target] -= _amount;
        totalDebt -= _amount;
    }

    /**
     * @notice a registerd market can transfer their debt to system debt
     * @param _amount debt amount to transfer
     * @dev will be called when CDS could not afford when resume the market.
     */
    function transferDebt(uint256 _amount) external onlyMarket override {

        if(_amount != 0){
            debts[msg.sender] -= _amount;
            debts[address(0)] += _amount;
        }
    }

    /**
     * @notice anyone can repay the system debt by sending tokens to this contract
     * @param _amount debt amount to repay
     * @param _target borrower's address
     */
    function repayDebt(uint256 _amount, address _target) external override {
        uint256 _debt = debts[_target];
        if (_debt >= _amount) {
            debts[_target] -= _amount;
            totalDebt -= _amount;
            IERC20(token).safeTransferFrom(msg.sender, address(this), _amount);
        } else {
            debts[_target] = 0;
            totalDebt -= _debt;
            IERC20(token).safeTransferFrom(msg.sender, address(this), _debt);
        }
    }

    /**
     * @notice an address that has balance in the vault can withdraw value denominated in attribution
     * @param _attribution amount of attribution to burn
     * @param _to beneficiary's address
     * @return _retVal number of tokens withdrawn from the transaction
     */
    function withdrawAttribution(uint256 _attribution, address _to)
        external
        override
        returns (uint256 _retVal)
    {
        _retVal = _withdrawAttribution(_attribution, _to);
    }

    /**
     * @notice an address that has balance in the vault can withdraw all value
     * @param _to beneficiary's address
     * @return _retVal number of tokens withdrawn from the transaction
     */
    function withdrawAllAttribution(address _to)
        external
        override
        returns (uint256 _retVal)
    {
        _retVal = _withdrawAttribution(attributions[msg.sender], _to);
    }

    /**
     * @notice an address that has balance in the vault can withdraw all value
     * @param _attribution amount of attribution to burn
     * @param _to beneficiary's address
     * @return _retVal number of tokens withdrawn from the transaction
     */
    function _withdrawAttribution(uint256 _attribution, address _to)
        internal
        returns (uint256 _retVal)
    {
        require(
            attributions[msg.sender] >= _attribution,
            ""ERROR_WITHDRAW-ATTRIBUTION_BADCONDITOONS""
        );
        _retVal = (_attribution * valueAll()) / totalAttributions;

        attributions[msg.sender] -= _attribution;
        totalAttributions -= _attribution;

        if (available() < _retVal) {
            uint256 _shortage = _retVal - available();
            _unutilize(_shortage);
        }

        balance -= _retVal;
        IERC20(token).safeTransfer(_to, _retVal);
    }

    /**
     * @notice an address that has balance in the vault can transfer value denominated in attribution
     * @param _amount amount of attribution to transfer
     * @param _destination reciepient of attribution
     */
    function transferAttribution(uint256 _amount, address _destination)
        external
        override
    {
        require(_destination != address(0), ""ERROR_ZERO_ADDRESS"");

        require(
            _amount != 0 && attributions[msg.sender] >= _amount,
            ""ERROR_TRANSFER-ATTRIBUTION_BADCONDITOONS""
        );

        attributions[msg.sender] -= _amount;
        attributions[_destination] += _amount;
    }

    /**
     * @notice the controller can utilize all available stored funds
     * @return _amount amount of tokens utilized
     */
    function utilize() external override returns (uint256 _amount) {
        if (keeper != address(0)) {
            require(msg.sender == keeper, ""ERROR_NOT_KEEPER"");
        }
        _amount = available(); //balance
        if (_amount > 0) {
            IERC20(token).safeTransfer(address(controller), _amount);
            balance -= _amount;
            controller.earn(address(token), _amount);
        }
    }

    /**
     * @notice get attribution number for the specified address
     * @param _target target address
     * @return amount of attritbution
     */

    function attributionOf(address _target)
        external
        view
        override
        returns (uint256)
    {
        return attributions[_target];
    }

    /**
     * @notice get all attribution number for this contract
     * @return amount of all attribution
     */
    function attributionAll() external view returns (uint256) {
        return totalAttributions;
    }

    /**
     * @notice Convert attribution number into underlying assset value
     * @param _attribution amount of attribution
     * @return token value of input attribution
     */
    function attributionValue(uint256 _attribution)
        external
        view
        override
        returns (uint256)
    {
        if (totalAttributions > 0 && _attribution > 0) {
            return (_attribution * valueAll()) / totalAttributions;
        } else {
            return 0;
        }
    }

    /**
     * @notice return underlying value of the specified address
     * @param _target target address
     * @return token value of target address
     */
    function underlyingValue(address _target)
        public
        view
        override
        returns (uint256)
    {
        if (attributions[_target] > 0) {
            return (valueAll() * attributions[_target]) / totalAttributions;
        } else {
            return 0;
        }
    }

    /**
     * @notice return underlying value of this contract
     * @return all token value of the vault
     */
    function valueAll() public view returns (uint256) {
        if (address(controller) != address(0)) {
            return balance + controller.valueAll();
        } else {
            return balance;
        }
    }

    /**
     * @notice internal function to unutilize the funds and keep utilization rate
     * @param _amount amount to withdraw from controller
     */
    function _unutilize(uint256 _amount) internal {
        require(address(controller) != address(0), ""ERROR_CONTROLLER_NOT_SET"");

        controller.withdraw(address(this), _amount);
        balance += _amount;
    }

    /**
     * @notice return how much funds in this contract is available to be utilized
     * @return available balance to utilize
     */
    function available() public view returns (uint256) {
        return balance - totalDebt;
    }

    /**
     * @notice return how much price for each attribution
     * @return value of one share of attribution
     */
    function getPricePerFullShare() public view returns (uint256) {
        return (valueAll() * MAGIC_SCALE_1E6) / totalAttributions;
    }

    /**
     * onlyOwner
     */

    /**
     * @notice withdraw redundant token stored in this contract
     * @param _token token address
     * @param _to beneficiary's address
     */
    function withdrawRedundant(address _token, address _to)
        external
        override
        onlyOwner
    {
        if (
            _token == address(token) &&
            balance < IERC20(token).balanceOf(address(this))
        ) {
            uint256 _redundant = IERC20(token).balanceOf(address(this)) -
                balance;
            IERC20(token).safeTransfer(_to, _redundant);
        } else if (IERC20(_token).balanceOf(address(this)) > 0) {
            IERC20(_token).safeTransfer(
                _to,
                IERC20(_token).balanceOf(address(this))
            );
        }
    }

    /**
     * @notice admin function to set controller address
     * @param _controller address of the controller
     */
    function setController(address _controller) public override onlyOwner {
        require(_controller != address(0), ""ERROR_ZERO_ADDRESS"");

        if (address(controller) != address(0)) {
            controller.migrate(address(_controller));
            controller = IController(_controller);
        } else {
            controller = IController(_controller);
        }

        emit ControllerSet(_controller);
    }

    /**
     * @notice the controller can utilize all available stored funds
     * @param _keeper keeper address
     */
    function setKeeper(address _keeper) external override onlyOwner {
        if (keeper != _keeper) {
            keeper = _keeper;
        }
    }
}
.
To complete the task,  you must write a response that appropriately solves the requested instruction based on your expertise and customer's needs.]

Given the user's task and the brainstorming ideas provided:
Task: ""pragma solidity 0.8.7;

/**
 * @author InsureDAO
 * @title InsureDAO vault contract
 * @notice
 * SPDX-License-Identifier: GPL-3.0
 */
import ""@openzeppelin/contracts/token/ERC20/IERC20.sol"";
import ""@openzeppelin/contracts/token/ERC20/utils/SafeERC20.sol"";

import ""./interfaces/IOwnership.sol"";
import ""./interfaces/IVault.sol"";

import ""./interfaces/IController.sol"";
import ""./interfaces/IRegistry.sol"";

contract Vault is IVault {
    using SafeERC20 for IERC20;

    /**
     * Storage
     */

    address public override token;
    IController public controller;
    IRegistry public registry;
    IOwnership public ownership;

    mapping(address => uint256) public override debts;
    mapping(address => uint256) public attributions;
    uint256 public totalAttributions;

    address public keeper; //keeper can operate utilize(), if address zero, anyone can operate.
    uint256 public balance; //balance of underlying token
    uint256 public totalDebt; //total debt balance. 1debt:1token

    uint256 public constant MAGIC_SCALE_1E6 = 1e6; //internal multiplication scale 1e6 to reduce decimal truncation



    event ControllerSet(address controller);

    modifier onlyOwner() {
        require(
            ownership.owner() == msg.sender,
            ""Restricted: caller is not allowed to operate""
        );
        _;
    }

    modifier onlyMarket() {
        require(
            IRegistry(registry).isListed(msg.sender),
            ""ERROR_ONLY_MARKET""
        );
        _;
    }

    constructor(
        address _token,
        address _registry,
        address _controller,
        address _ownership
    ) {
        require(_token != address(0));
        require(_registry != address(0));
        require(_ownership != address(0));
        //controller can be zero

        token = _token;
        registry = IRegistry(_registry);
        controller = IController(_controller);
        ownership = IOwnership(_ownership);
    }

    /**
     * Vault Functions
     */

    /**
     * @notice A market contract can deposit collateral and get attribution point in return
     * @param  _amount amount of tokens to deposit
     * @param _from sender's address
     * @param _beneficiaries beneficiary's address array
     * @param _shares funds share within beneficiaries (100% = 1e6)
     * @return _allocations attribution amount generated from the transaction
     */
    function addValueBatch(
        uint256 _amount,
        address _from,
        address[2] memory _beneficiaries,
        uint256[2] memory _shares
    ) external override onlyMarket returns (uint256[2] memory _allocations) {
        
        require(_shares[0] + _shares[1] == 1000000, ""ERROR_INCORRECT_SHARE"");

        uint256 _attributions;
        if (totalAttributions == 0) {
            _attributions = _amount;
        } else {
            uint256 _pool = valueAll();
            _attributions = (_amount * totalAttributions) / _pool;
        }
        IERC20(token).safeTransferFrom(_from, address(this), _amount);

        balance += _amount;
        totalAttributions += _attributions;
        for (uint128 i = 0; i < 2; i++) {
            uint256 _allocation = (_shares[i] * _attributions) / MAGIC_SCALE_1E6;
            attributions[_beneficiaries[i]] += _allocation;
            _allocations[i] = _allocation;
        }
    }

    /**
     * @notice A market contract can deposit collateral and get attribution point in return
     * @param  _amount amount of tokens to deposit
     * @param _from sender's address
     * @param _beneficiary beneficiary's address
     * @return _attributions attribution amount generated from the transaction
     */

    function addValue(
        uint256 _amount,
        address _from,
        address _beneficiary
    ) external override onlyMarket returns (uint256 _attributions) {

        if (totalAttributions == 0) {
            _attributions = _amount;
        } else {
            uint256 _pool = valueAll();
            _attributions = (_amount * totalAttributions) / _pool;
        }
        IERC20(token).safeTransferFrom(_from, address(this), _amount);
        balance += _amount;
        totalAttributions += _attributions;
        attributions[_beneficiary] += _attributions;
    }

    /**
     * @notice an address that has balance in the vault can withdraw underlying value
     * @param _amount amount of tokens to withdraw
     * @param _to address to get underlying tokens
     * @return _attributions amount of attributions burnet
     */
    function withdrawValue(uint256 _amount, address _to)
        external
        override
        returns (uint256 _attributions)
    {
        require(
            attributions[msg.sender] > 0 &&
                underlyingValue(msg.sender) >= _amount,
            ""ERROR_WITHDRAW-VALUE_BADCONDITOONS""
        );
        _attributions = (totalAttributions * _amount) / valueAll();

        attributions[msg.sender] -= _attributions;
        totalAttributions -= _attributions;

        if (available() < _amount) {
            //when USDC in this contract isn't enough
            uint256 _shortage = _amount - available();
            _unutilize(_shortage);

            assert(available() >= _amount);
        }

        balance -= _amount;
        IERC20(token).safeTransfer(_to, _amount);
    }

    /**
     * @notice an address that has balance in the vault can transfer underlying value
     * @param _amount sender of value
     * @param _destination reciepient of value
     */

    function transferValue(uint256 _amount, address _destination)
        external
        override
        returns (uint256 _attributions)
    {
        require(
            attributions[msg.sender] > 0 &&
                underlyingValue(msg.sender) >= _amount,
            ""ERROR_TRANSFER-VALUE_BADCONDITOONS""
        );
        _attributions = (_amount * totalAttributions) / valueAll();
        attributions[msg.sender] -= _attributions;
        attributions[_destination] += _attributions;
    }

    /**
     * @notice a registered contract can borrow balance from the vault
     * @param _amount borrow amount
     * @param _to borrower's address
     */
    function borrowValue(uint256 _amount, address _to) external onlyMarket override {
        debts[msg.sender] += _amount;
        totalDebt += _amount;

        IERC20(token).safeTransfer(_to, _amount);
    }

    /**
     * @notice an address that has balance in the vault can offset an address's debt
     * @param _amount debt amount to offset
     * @param _target borrower's address
     */

    function offsetDebt(uint256 _amount, address _target)
        external
        override
        returns (uint256 _attributions)
    {
        require(
            attributions[msg.sender] > 0 &&
                underlyingValue(msg.sender) >= _amount,
            ""ERROR_REPAY_DEBT_BADCONDITOONS""
        );
        _attributions = (_amount * totalAttributions) / valueAll();
        attributions[msg.sender] -= _attributions;
        totalAttributions -= _attributions;
        balance -= _amount;
        debts[_target] -= _amount;
        totalDebt -= _amount;
    }

    /**
     * @notice a registerd market can transfer their debt to system debt
     * @param _amount debt amount to transfer
     * @dev will be called when CDS could not afford when resume the market.
     */
    function transferDebt(uint256 _amount) external onlyMarket override {

        if(_amount != 0){
            debts[msg.sender] -= _amount;
            debts[address(0)] += _amount;
        }
    }

    /**
     * @notice anyone can repay the system debt by sending tokens to this contract
     * @param _amount debt amount to repay
     * @param _target borrower's address
     */
    function repayDebt(uint256 _amount, address _target) external override {
        uint256 _debt = debts[_target];
        if (_debt >= _amount) {
            debts[_target] -= _amount;
            totalDebt -= _amount;
            IERC20(token).safeTransferFrom(msg.sender, address(this), _amount);
        } else {
            debts[_target] = 0;
            totalDebt -= _debt;
            IERC20(token).safeTransferFrom(msg.sender, address(this), _debt);
        }
    }

    /**
     * @notice an address that has balance in the vault can withdraw value denominated in attribution
     * @param _attribution amount of attribution to burn
     * @param _to beneficiary's address
     * @return _retVal number of tokens withdrawn from the transaction
     */
    function withdrawAttribution(uint256 _attribution, address _to)
        external
        override
        returns (uint256 _retVal)
    {
        _retVal = _withdrawAttribution(_attribution, _to);
    }

    /**
     * @notice an address that has balance in the vault can withdraw all value
     * @param _to beneficiary's address
     * @return _retVal number of tokens withdrawn from the transaction
     */
    function withdrawAllAttribution(address _to)
        external
        override
        returns (uint256 _retVal)
    {
        _retVal = _withdrawAttribution(attributions[msg.sender], _to);
    }

    /**
     * @notice an address that has balance in the vault can withdraw all value
     * @param _attribution amount of attribution to burn
     * @param _to beneficiary's address
     * @return _retVal number of tokens withdrawn from the transaction
     */
    function _withdrawAttribution(uint256 _attribution, address _to)
        internal
        returns (uint256 _retVal)
    {
        require(
            attributions[msg.sender] >= _attribution,
            ""ERROR_WITHDRAW-ATTRIBUTION_BADCONDITOONS""
        );
        _retVal = (_attribution * valueAll()) / totalAttributions;

        attributions[msg.sender] -= _attribution;
        totalAttributions -= _attribution;

        if (available() < _retVal) {
            uint256 _shortage = _retVal - available();
            _unutilize(_shortage);
        }

        balance -= _retVal;
        IERC20(token).safeTransfer(_to, _retVal);
    }

    /**
     * @notice an address that has balance in the vault can transfer value denominated in attribution
     * @param _amount amount of attribution to transfer
     * @param _destination reciepient of attribution
     */
    function transferAttribution(uint256 _amount, address _destination)
        external
        override
    {
        require(_destination != address(0), ""ERROR_ZERO_ADDRESS"");

        require(
            _amount != 0 && attributions[msg.sender] >= _amount,
            ""ERROR_TRANSFER-ATTRIBUTION_BADCONDITOONS""
        );

        attributions[msg.sender] -= _amount;
        attributions[_destination] += _amount;
    }

    /**
     * @notice the controller can utilize all available stored funds
     * @return _amount amount of tokens utilized
     */
    function utilize() external override returns (uint256 _amount) {
        if (keeper != address(0)) {
            require(msg.sender == keeper, ""ERROR_NOT_KEEPER"");
        }
        _amount = available(); //balance
        if (_amount > 0) {
            IERC20(token).safeTransfer(address(controller), _amount);
            balance -= _amount;
            controller.earn(address(token), _amount);
        }
    }

    /**
     * @notice get attribution number for the specified address
     * @param _target target address
     * @return amount of attritbution
     */

    function attributionOf(address _target)
        external
        view
        override
        returns (uint256)
    {
        return attributions[_target];
    }

    /**
     * @notice get all attribution number for this contract
     * @return amount of all attribution
     */
    function attributionAll() external view returns (uint256) {
        return totalAttributions;
    }

    /**
     * @notice Convert attribution number into underlying assset value
     * @param _attribution amount of attribution
     * @return token value of input attribution
     */
    function attributionValue(uint256 _attribution)
        external
        view
        override
        returns (uint256)
    {
        if (totalAttributions > 0 && _attribution > 0) {
            return (_attribution * valueAll()) / totalAttributions;
        } else {
            return 0;
        }
    }

    /**
     * @notice return underlying value of the specified address
     * @param _target target address
     * @return token value of target address
     */
    function underlyingValue(address _target)
        public
        view
        override
        returns (uint256)
    {
        if (attributions[_target] > 0) {
            return (valueAll() * attributions[_target]) / totalAttributions;
        } else {
            return 0;
        }
    }

    /**
     * @notice return underlying value of this contract
     * @return all token value of the vault
     */
    function valueAll() public view returns (uint256) {
        if (address(controller) != address(0)) {
            return balance + controller.valueAll();
        } else {
            return balance;
        }
    }

    /**
     * @notice internal function to unutilize the funds and keep utilization rate
     * @param _amount amount to withdraw from controller
     */
    function _unutilize(uint256 _amount) internal {
        require(address(controller) != address(0), ""ERROR_CONTROLLER_NOT_SET"");

        controller.withdraw(address(this), _amount);
        balance += _amount;
    }

    /**
     * @notice return how much funds in this contract is available to be utilized
     * @return available balance to utilize
     */
    function available() public view returns (uint256) {
        return balance - totalDebt;
    }

    /**
     * @notice return how much price for each attribution
     * @return value of one share of attribution
     */
    function getPricePerFullShare() public view returns (uint256) {
        return (valueAll() * MAGIC_SCALE_1E6) / totalAttributions;
    }

    /**
     * onlyOwner
     */

    /**
     * @notice withdraw redundant token stored in this contract
     * @param _token token address
     * @param _to beneficiary's address
     */
    function withdrawRedundant(address _token, address _to)
        external
        override
        onlyOwner
    {
        if (
            _token == address(token) &&
            balance < IERC20(token).balanceOf(address(this))
        ) {
            uint256 _redundant = IERC20(token).balanceOf(address(this)) -
                balance;
            IERC20(token).safeTransfer(_to, _redundant);
        } else if (IERC20(_token).balanceOf(address(this)) > 0) {
            IERC20(_token).safeTransfer(
                _to,
                IERC20(_token).balanceOf(address(this))
            );
        }
    }

    /**
     * @notice admin function to set controller address
     * @param _controller address of the controller
     */
    function setController(address _controller) public override onlyOwner {
        require(_controller != address(0), ""ERROR_ZERO_ADDRESS"");

        if (address(controller) != address(0)) {
            controller.migrate(address(_controller));
            controller = IController(_controller);
        } else {
            controller = IController(_controller);
        }

        emit ControllerSet(_controller);
    }

    /**
     * @notice the controller can utilize all available stored funds
     * @param _keeper keeper address
     */
    function setKeeper(address _keeper) external override onlyOwner {
        if (keeper != _keeper) {
            keeper = _keeper;
        }
    }
}
"".
Ideas: "" Centralization Risk Identified.

**Centralization Risk in Ownership Control**
'''
The contract utilizes an ownership model where critical functions are restricted to the owner, as indicated by the `onlyOwner` modifier. This centralizes control in a single address, which poses a significant risk if that address is compromised. If an attacker gains access to the owner's private key, they could execute any function protected by this modifier, potentially leading to unauthorized withdrawals or changes to the contract's state.

**Recommended Mitigation/Fix:**
To mitigate this risk, consider implementing a multi-signature wallet for ownership control. This would require multiple parties to approve critical actions, reducing the risk of a single point of failure. Additionally, consider implementing a time-lock mechanism for sensitive operations, allowing users to react before changes take effect.
'''

**Centralization Risk in Keeper Role**
'''
The `keeper` variable allows a single address to execute the `utilize()` function, which can transfer all available funds to the controller. If the keeper's address is compromised, an attacker could drain the contract's funds without any checks or balances.

**Recommended Mitigation/Fix:**
Implement a multi-signature mechanism for the keeper role or allow multiple addresses to be designated as keepers. This would distribute the control over fund utilization and reduce the risk associated with a single compromised address.
'''

**Centralization Risk in Controller Management**
'''
The `setController()` function allows the owner to set a new controller address. If the owner is compromised, they could set a malicious controller, which could then manipulate the vault's funds.

**Recommended Mitigation/Fix:**
Consider implementing a governance mechanism where changes to the controller require approval from multiple stakeholders or a decentralized governance model. This would prevent a single compromised address from making critical changes to the contract's functionality.
'''"".
As the Security Analyst, your primary objective is to perform a thorough and detailed inspection of the provided contract code, with a particular focus on identifying vulnerabilities related to Funding Rate Calculation Precision. There are two cases where the code may have Funding Rate Calculation Precision vulnerabilities:
1. Simplistic funding rate calculation that does not consider all necessary factors. This can lead to incorrect funding rates, which can be manipulated by providing incorrect input values. A robust funding rate calculation should account for various factors and validations to prevent exploitation.
2. Lack of input validation for critical parameters (e.g., spotPrice, markPrice) used in the funding rate calculation. Malicious actors could potentially manipulate these parameters to influence the funding rate calculation.
If you identify a Simplistic funding rate calculation or Lack of input validation, respond with: """,,,,,"<INFO> Unnecessary Comparison Identified.

UNNECESSARY COMPARISON
'''
In the `transferDebt` function, the condition `if(_amount != 0)` is used to check if `_amount` is non-zero before proceeding with the logic. This can be simplified by directly using `_amount` in the conditional statement, as the check for zero can be done implicitly. The current explicit comparison may reduce code readability and introduces unnecessary complexity.

Recommended mitigation/fix:
Instead of:
```solidity
if(_amount != 0){
    debts[msg.sender] -= _amount;
    debts[address(0)] += _amount;
}
```
Use:
```solidity
if(_amount > 0){
    debts[msg.sender] -= _amount;
    debts[address(0)] += _amount;
}
```
This change ensures that the code remains clear and concise while maintaining the intended functionality.
'''

[2024-10-08 11:57:30 INFO] **[Execute Detail]**

execute SimplePhase:[InconsistentInitializationDetector] in ComposedPhase:[CodeReview], cycle 1

[2024-10-08 11:57:30 INFO] System: **[chatting]**

| Parameter | Value |
| --- | --- |
| **task_prompt** | pragma solidity 0.8.7; /*  * @author InsureDAO  * @title InsureDAO vault contract  * @notice  * SPDX-License-Identifier: GPL-3.0  / import ""@openzeppelin/contracts/token/ERC20/IERC20.sol""; import ""@openzeppelin/contracts/token/ERC20/utils/SafeERC20.sol""; import ""./interfaces/IOwnership.sol""; import ""./interfaces/IVault.sol""; import ""./interfaces/IController.sol""; import ""./interfaces/IRegistry.sol""; contract Vault is IVault {     using SafeERC20 for IERC20; /**  * Storage  */  address public override token; IController public controller; IRegistry public registry; IOwnership public ownership;  mapping(address =&gt; uint256) public override debts; mapping(address =&gt; uint256) public attributions; uint256 public totalAttributions;  address public keeper; //keeper can operate utilize(), if address zero, anyone can operate. uint256 public balance; //balance of underlying token uint256 public totalDebt; //total debt balance. 1debt:1token  uint256 public constant MAGIC_SCALE_1E6 = 1e6; //internal multiplication scale 1e6 to reduce decimal truncation    event ControllerSet(address controller);  modifier onlyOwner() {     require(         ownership.owner() == msg.sender,         ""Restricted: caller is not allowed to operate""     );     _; }  modifier onlyMarket() {     require(         IRegistry(registry).isListed(msg.sender),         ""ERROR_ONLY_MARKET""     );     _; }  constructor(     address _token,     address _registry,     address _controller,     address _ownership ) {     require(_token != address(0));     require(_registry != address(0));     require(_ownership != address(0));     //controller can be zero      token = _token;     registry = IRegistry(_registry);     controller = IController(_controller);     ownership = IOwnership(_ownership); }  /**  * Vault Functions  */  /**  * @notice A market contract can deposit collateral and get attribution point in return  * @param  _amount amount of tokens to deposit  * @param _from sender's address  * @param _beneficiaries beneficiary's address array  * @param _shares funds share within beneficiaries (100% = 1e6)  * @return _allocations attribution amount generated from the transaction  */ function addValueBatch(     uint256 _amount,     address _from,     address[2] memory _beneficiaries,     uint256[2] memory _shares ) external override onlyMarket returns (uint256[2] memory _allocations) {      require(_shares[0] + _shares[1] == 1000000, ""ERROR_INCORRECT_SHARE"");      uint256 _attributions;     if (totalAttributions == 0) {         _attributions = _amount;     } else {         uint256 _pool = valueAll();         _attributions = (_amount * totalAttributions) / _pool;     }     IERC20(token).safeTransferFrom(_from, address(this), _amount);      balance += _amount;     totalAttributions += _attributions;     for (uint128 i = 0; i &lt; 2; i++) {         uint256 _allocation = (_shares[i] * _attributions) / MAGIC_SCALE_1E6;         attributions[_beneficiaries[i]] += _allocation;         _allocations[i] = _allocation;     } }  /**  * @notice A market contract can deposit collateral and get attribution point in return  * @param  _amount amount of tokens to deposit  * @param _from sender's address  * @param _beneficiary beneficiary's address  * @return _attributions attribution amount generated from the transaction  */  function addValue(     uint256 _amount,     address _from,     address _beneficiary ) external override onlyMarket returns (uint256 _attributions) {      if (totalAttributions == 0) {         _attributions = _amount;     } else {         uint256 _pool = valueAll();         _attributions = (_amount * totalAttributions) / _pool;     }     IERC20(token).safeTransferFrom(_from, address(this), _amount);     balance += _amount;     totalAttributions += _attributions;     attributions[_beneficiary] += _attributions; }  /**  * @notice an address that has balance in the vault can withdraw underlying value  * @param _amount amount of tokens to withdraw  * @param _to address to get underlying tokens  * @return _attributions amount of attributions burnet  */ function withdrawValue(uint256 _amount, address _to)     external     override     returns (uint256 _attributions) {     require(         attributions[msg.sender] &gt; 0 &amp;&amp;             underlyingValue(msg.sender) &gt;= _amount,         ""ERROR_WITHDRAW-VALUE_BADCONDITOONS""     );     _attributions = (totalAttributions * _amount) / valueAll();      attributions[msg.sender] -= _attributions;     totalAttributions -= _attributions;      if (available() &lt; _amount) {         //when USDC in this contract isn't enough         uint256 _shortage = _amount - available();         _unutilize(_shortage);          assert(available() &gt;= _amount);     }      balance -= _amount;     IERC20(token).safeTransfer(_to, _amount); }  /**  * @notice an address that has balance in the vault can transfer underlying value  * @param _amount sender of value  * @param _destination reciepient of value  */  function transferValue(uint256 _amount, address _destination)     external     override     returns (uint256 _attributions) {     require(         attributions[msg.sender] &gt; 0 &amp;&amp;             underlyingValue(msg.sender) &gt;= _amount,         ""ERROR_TRANSFER-VALUE_BADCONDITOONS""     );     _attributions = (_amount * totalAttributions) / valueAll();     attributions[msg.sender] -= _attributions;     attributions[_destination] += _attributions; }  /**  * @notice a registered contract can borrow balance from the vault  * @param _amount borrow amount  * @param _to borrower's address  */ function borrowValue(uint256 _amount, address _to) external onlyMarket override {     debts[msg.sender] += _amount;     totalDebt += _amount;      IERC20(token).safeTransfer(_to, _amount); }  /**  * @notice an address that has balance in the vault can offset an address's debt  * @param _amount debt amount to offset  * @param _target borrower's address  */  function offsetDebt(uint256 _amount, address _target)     external     override     returns (uint256 _attributions) {     require(         attributions[msg.sender] &gt; 0 &amp;&amp;             underlyingValue(msg.sender) &gt;= _amount,         ""ERROR_REPAY_DEBT_BADCONDITOONS""     );     _attributions = (_amount * totalAttributions) / valueAll();     attributions[msg.sender] -= _attributions;     totalAttributions -= _attributions;     balance -= _amount;     debts[_target] -= _amount;     totalDebt -= _amount; }  /**  * @notice a registerd market can transfer their debt to system debt  * @param _amount debt amount to transfer  * @dev will be called when CDS could not afford when resume the market.  */ function transferDebt(uint256 _amount) external onlyMarket override {      if(_amount != 0){         debts[msg.sender] -= _amount;         debts[address(0)] += _amount;     } }  /**  * @notice anyone can repay the system debt by sending tokens to this contract  * @param _amount debt amount to repay  * @param _target borrower's address  */ function repayDebt(uint256 _amount, address _target) external override {     uint256 _debt = debts[_target];     if (_debt &gt;= _amount) {         debts[_target] -= _amount;         totalDebt -= _amount;         IERC20(token).safeTransferFrom(msg.sender, address(this), _amount);     } else {         debts[_target] = 0;         totalDebt -= _debt;         IERC20(token).safeTransferFrom(msg.sender, address(this), _debt);     } }  /**  * @notice an address that has balance in the vault can withdraw value denominated in attribution  * @param _attribution amount of attribution to burn  * @param _to beneficiary's address  * @return _retVal number of tokens withdrawn from the transaction  */ function withdrawAttribution(uint256 _attribution, address _to)     external     override     returns (uint256 _retVal) {     _retVal = _withdrawAttribution(_attribution, _to); }  /**  * @notice an address that has balance in the vault can withdraw all value  * @param _to beneficiary's address  * @return _retVal number of tokens withdrawn from the transaction  */ function withdrawAllAttribution(address _to)     external     override     returns (uint256 _retVal) {     _retVal = _withdrawAttribution(attributions[msg.sender], _to); }  /**  * @notice an address that has balance in the vault can withdraw all value  * @param _attribution amount of attribution to burn  * @param _to beneficiary's address  * @return _retVal number of tokens withdrawn from the transaction  */ function _withdrawAttribution(uint256 _attribution, address _to)     internal     returns (uint256 _retVal) {     require(         attributions[msg.sender] &gt;= _attribution,         ""ERROR_WITHDRAW-ATTRIBUTION_BADCONDITOONS""     );     _retVal = (_attribution * valueAll()) / totalAttributions;      attributions[msg.sender] -= _attribution;     totalAttributions -= _attribution;      if (available() &lt; _retVal) {         uint256 _shortage = _retVal - available();         _unutilize(_shortage);     }      balance -= _retVal;     IERC20(token).safeTransfer(_to, _retVal); }  /**  * @notice an address that has balance in the vault can transfer value denominated in attribution  * @param _amount amount of attribution to transfer  * @param _destination reciepient of attribution  */ function transferAttribution(uint256 _amount, address _destination)     external     override {     require(_destination != address(0), ""ERROR_ZERO_ADDRESS"");      require(         _amount != 0 &amp;&amp; attributions[msg.sender] &gt;= _amount,         ""ERROR_TRANSFER-ATTRIBUTION_BADCONDITOONS""     );      attributions[msg.sender] -= _amount;     attributions[_destination] += _amount; }  /**  * @notice the controller can utilize all available stored funds  * @return _amount amount of tokens utilized  */ function utilize() external override returns (uint256 _amount) {     if (keeper != address(0)) {         require(msg.sender == keeper, ""ERROR_NOT_KEEPER"");     }     _amount = available(); //balance     if (_amount &gt; 0) {         IERC20(token).safeTransfer(address(controller), _amount);         balance -= _amount;         controller.earn(address(token), _amount);     } }  /**  * @notice get attribution number for the specified address  * @param _target target address  * @return amount of attritbution  */  function attributionOf(address _target)     external     view     override     returns (uint256) {     return attributions[_target]; }  /**  * @notice get all attribution number for this contract  * @return amount of all attribution  */ function attributionAll() external view returns (uint256) {     return totalAttributions; }  /**  * @notice Convert attribution number into underlying assset value  * @param _attribution amount of attribution  * @return token value of input attribution  */ function attributionValue(uint256 _attribution)     external     view     override     returns (uint256) {     if (totalAttributions &gt; 0 &amp;&amp; _attribution &gt; 0) {         return (_attribution * valueAll()) / totalAttributions;     } else {         return 0;     } }  /**  * @notice return underlying value of the specified address  * @param _target target address  * @return token value of target address  */ function underlyingValue(address _target)     public     view     override     returns (uint256) {     if (attributions[_target] &gt; 0) {         return (valueAll() * attributions[_target]) / totalAttributions;     } else {         return 0;     } }  /**  * @notice return underlying value of this contract  * @return all token value of the vault  */ function valueAll() public view returns (uint256) {     if (address(controller) != address(0)) {         return balance + controller.valueAll();     } else {         return balance;     } }  /**  * @notice internal function to unutilize the funds and keep utilization rate  * @param _amount amount to withdraw from controller  */ function _unutilize(uint256 _amount) internal {     require(address(controller) != address(0), ""ERROR_CONTROLLER_NOT_SET"");      controller.withdraw(address(this), _amount);     balance += _amount; }  /**  * @notice return how much funds in this contract is available to be utilized  * @return available balance to utilize  */ function available() public view returns (uint256) {     return balance - totalDebt; }  /**  * @notice return how much price for each attribution  * @return value of one share of attribution  */ function getPricePerFullShare() public view returns (uint256) {     return (valueAll() * MAGIC_SCALE_1E6) / totalAttributions; }  /**  * onlyOwner  */  /**  * @notice withdraw redundant token stored in this contract  * @param _token token address  * @param _to beneficiary's address  */ function withdrawRedundant(address _token, address _to)     external     override     onlyOwner {     if (         _token == address(token) &amp;&amp;         balance &lt; IERC20(token).balanceOf(address(this))     ) {         uint256 _redundant = IERC20(token).balanceOf(address(this)) -             balance;         IERC20(token).safeTransfer(_to, _redundant);     } else if (IERC20(_token).balanceOf(address(this)) &gt; 0) {         IERC20(_token).safeTransfer(             _to,             IERC20(_token).balanceOf(address(this))         );     } }  /**  * @notice admin function to set controller address  * @param _controller address of the controller  */ function setController(address _controller) public override onlyOwner {     require(_controller != address(0), ""ERROR_ZERO_ADDRESS"");      if (address(controller) != address(0)) {         controller.migrate(address(_controller));         controller = IController(_controller);     } else {         controller = IController(_controller);     }      emit ControllerSet(_controller); }  /**  * @notice the controller can utilize all available stored funds  * @param _keeper keeper address  */ function setKeeper(address _keeper) external override onlyOwner {     if (keeper != _keeper) {         keeper = _keeper;     } }  } |
| **need_reflect** | False |
| **assistant_role_name** | Security Analyst |
| **user_role_name** | Solidity Programming Expert |
| **phase_prompt** | Given the user's task and the brainstorming ideas provided: Task: ""{task}"". Ideas: ""{ideas}"". As the {assistant_role}, your primary objective is to perform a thorough and detailed inspection of the provided contract code, with a particular focus on identifying vulnerabilities related to Inconsistent Initialization. This type of vulnerability arises when state variables are initialized using a function that relies on the state of other variables, which may not yet be set or initialized, leading to unpredictable or unintended behavior. There are two cases where the code may have Inconsistent Initialization vulnerabilities: 1. Initialization of a state variable using a function call where the function's logic depends on the state of other variables that are not yet initialized. This can lead to incorrect values being set for the variable. 2. Initialization order of state variables where the value of one variable depends on the value of another variable that has not been initialized yet. If you identify Inconsistent Initialization, respond with: "" Inconsistent Initialization Identified."" For each vulnerability identified, use the following format: VULNERABILITY NAME or TYPE ''' DETAILED DESCRIPTION of the vulnerability, AND recommended mitigation/fix with no upgrade code ''' If you don't find any vulnerabilities, respond only with: "" NO Inconsistent Initialization."" |
| **phase_name** | InconsistentInitializationDetector |
| **assistant_role_prompt** | {chatdev_prompt} You are Security Analyst. Now, we are both working at ChatDev and share a common interest in collaborating to successfully execute a marketing strategy for a new customer. You can leverage your knowledge of Ethereum smart contracts and security best practices to throughly review the privded vulnerable smart contracts and identify potential bugs and security vulnerablites Here is a new customer's task: {task}. To complete the task,  you must write a response that appropriately solves the requested instruction based on your expertise and customer's needs. |
| **user_role_prompt** | {chatdev_prompt} You are Solidity Programming Expert. Now, we are both working at ChatDev and share a common interest in collaborating to successfully execute a marketing strategy for a new customer. You can analyze the code structure, logic, and implementation details of the contracts. You have extensive computing and coding experience in Solidity programming language. Here is a new customer's task: {task}. To complete the task,  you must write a response that appropriately solves the requested instruction based on your expertise and customer's needs. |
| **chat_turn_limit** | 1 |
| **placeholders** | {'cycle_num': 1, 'modification_conclusion': '', 'cycle_index': 1, 'task': 'pragma solidity 0.8.7;\n\n/\n * @author InsureDAO\n * @title InsureDAO vault contract\n * @notice\n * SPDX-License-Identifier: GPL-3.0\n */\nimport ""@openzeppelin/contracts/token/ERC20/IERC20.sol"";\nimport ""@openzeppelin/contracts/token/ERC20/utils/SafeERC20.sol"";\n\nimport ""./interfaces/IOwnership.sol"";\nimport ""./interfaces/IVault.sol"";\n\nimport ""./interfaces/IController.sol"";\nimport ""./interfaces/IRegistry.sol"";\n\ncontract Vault is IVault {\n    using SafeERC20 for IERC20;\n\n    /\n     * Storage\n     /\n\n    address public override token;\n    IController public controller;\n    IRegistry public registry;\n    IOwnership public ownership;\n\n    mapping(address =&gt; uint256) public override debts;\n    mapping(address =&gt; uint256) public attributions;\n    uint256 public totalAttributions;\n\n    address public keeper; //keeper can operate utilize(), if address zero, anyone can operate.\n    uint256 public balance; //balance of underlying token\n    uint256 public totalDebt; //total debt balance. 1debt:1token\n\n    uint256 public constant MAGIC_SCALE_1E6 = 1e6; //internal multiplication scale 1e6 to reduce decimal truncation\n\n\n\n    event ControllerSet(address controller);\n\n    modifier onlyOwner() {\n        require(\n            ownership.owner() == msg.sender,\n            ""Restricted: caller is not allowed to operate""\n        );\n        ;\n    }\n\n    modifier onlyMarket() {\n        require(\n            IRegistry(registry).isListed(msg.sender),\n            ""ERROR_ONLY_MARKET""\n        );\n        ;\n    }\n\n    constructor(\n        address _token,\n        address _registry,\n        address _controller,\n        address _ownership\n    ) {\n        require(_token != address(0));\n        require(_registry != address(0));\n        require(_ownership != address(0));\n        //controller can be zero\n\n        token = _token;\n        registry = IRegistry(_registry);\n        controller = IController(_controller);\n        ownership = IOwnership(_ownership);\n    }\n\n    /\n     * Vault Functions\n     /\n\n    /\n     * @notice A market contract can deposit collateral and get attribution point in return\n     * @param  _amount amount of tokens to deposit\n     * @param _from sender\'s address\n     * @param _beneficiaries beneficiary\'s address array\n     * @param _shares funds share within beneficiaries (100% = 1e6)\n     * @return _allocations attribution amount generated from the transaction\n     */\n    function addValueBatch(\n        uint256 _amount,\n        address _from,\n        address[2] memory _beneficiaries,\n        uint256[2] memory _shares\n    ) external override onlyMarket returns (uint256[2] memory _allocations) {\n        \n        require(_shares[0] + _shares[1] == 1000000, ""ERROR_INCORRECT_SHARE"");\n\n        uint256 _attributions;\n        if (totalAttributions == 0) {\n            _attributions = _amount;\n        } else {\n            uint256 _pool = valueAll();\n            _attributions = (_amount * totalAttributions) / _pool;\n        }\n        IERC20(token).safeTransferFrom(_from, address(this), _amount);\n\n        balance += _amount;\n        totalAttributions += _attributions;\n        for (uint128 i = 0; i &lt; 2; i++) {\n            uint256 _allocation = (_shares[i] * _attributions) / MAGIC_SCALE_1E6;\n            attributions[_beneficiaries[i]] += _allocation;\n            _allocations[i] = _allocation;\n        }\n    }\n\n    /\n     * @notice A market contract can deposit collateral and get attribution point in return\n     * @param  _amount amount of tokens to deposit\n     * @param _from sender\'s address\n     * @param _beneficiary beneficiary\'s address\n     * @return _attributions attribution amount generated from the transaction\n     /\n\n    function addValue(\n        uint256 _amount,\n        address _from,\n        address _beneficiary\n    ) external override onlyMarket returns (uint256 _attributions) {\n\n        if (totalAttributions == 0) {\n            _attributions = _amount;\n        } else {\n            uint256 _pool = valueAll();\n            _attributions = (_amount * totalAttributions) / _pool;\n        }\n        IERC20(token).safeTransferFrom(_from, address(this), _amount);\n        balance += _amount;\n        totalAttributions += _attributions;\n        attributions[_beneficiary] += _attributions;\n    }\n\n    /\n     * @notice an address that has balance in the vault can withdraw underlying value\n     * @param _amount amount of tokens to withdraw\n     * @param _to address to get underlying tokens\n     * @return _attributions amount of attributions burnet\n     /\n    function withdrawValue(uint256 _amount, address _to)\n        external\n        override\n        returns (uint256 _attributions)\n    {\n        require(\n            attributions[msg.sender] &gt; 0 &amp;&amp;\n                underlyingValue(msg.sender) &gt;= _amount,\n            ""ERROR_WITHDRAW-VALUE_BADCONDITOONS""\n        );\n        _attributions = (totalAttributions * _amount) / valueAll();\n\n        attributions[msg.sender] -= _attributions;\n        totalAttributions -= _attributions;\n\n        if (available() &lt; _amount) {\n            //when USDC in this contract isn\'t enough\n            uint256 _shortage = _amount - available();\n            _unutilize(_shortage);\n\n            assert(available() &gt;= _amount);\n        }\n\n        balance -= _amount;\n        IERC20(token).safeTransfer(_to, _amount);\n    }\n\n    /\n     * @notice an address that has balance in the vault can transfer underlying value\n     * @param _amount sender of value\n     * @param _destination reciepient of value\n     */\n\n    function transferValue(uint256 _amount, address _destination)\n        external\n        override\n        returns (uint256 _attributions)\n    {\n        require(\n            attributions[msg.sender] &gt; 0 &amp;&amp;\n                underlyingValue(msg.sender) &gt;= _amount,\n            ""ERROR_TRANSFER-VALUE_BADCONDITOONS""\n        );\n        _attributions = (_amount * totalAttributions) / valueAll();\n        attributions[msg.sender] -= _attributions;\n        attributions[_destination] += _attributions;\n    }\n\n    /\n     * @notice a registered contract can borrow balance from the vault\n     * @param _amount borrow amount\n     * @param _to borrower\'s address\n     /\n    function borrowValue(uint256 _amount, address _to) external onlyMarket override {\n        debts[msg.sender] += _amount;\n        totalDebt += _amount;\n\n        IERC20(token).safeTransfer(_to, _amount);\n    }\n\n    /\n     * @notice an address that has balance in the vault can offset an address\'s debt\n     * @param _amount debt amount to offset\n     * @param _target borrower\'s address\n     /\n\n    function offsetDebt(uint256 _amount, address _target)\n        external\n        override\n        returns (uint256 _attributions)\n    {\n        require(\n            attributions[msg.sender] &gt; 0 &amp;&amp;\n                underlyingValue(msg.sender) &gt;= _amount,\n            ""ERROR_REPAY_DEBT_BADCONDITOONS""\n        );\n        _attributions = (_amount * totalAttributions) / valueAll();\n        attributions[msg.sender] -= _attributions;\n        totalAttributions -= _attributions;\n        balance -= _amount;\n        debts[_target] -= _amount;\n        totalDebt -= _amount;\n    }\n\n    /\n     * @notice a registerd market can transfer their debt to system debt\n     * @param _amount debt amount to transfer\n     * @dev will be called when CDS could not afford when resume the market.\n     */\n    function transferDebt(uint256 _amount) external onlyMarket override {\n\n        if(_amount != 0){\n            debts[msg.sender] -= _amount;\n            debts[address(0)] += _amount;\n        }\n    }\n\n    /\n     * @notice anyone can repay the system debt by sending tokens to this contract\n     * @param _amount debt amount to repay\n     * @param _target borrower\'s address\n     /\n    function repayDebt(uint256 _amount, address _target) external override {\n        uint256 _debt = debts[_target];\n        if (_debt &gt;= _amount) {\n            debts[_target] -= _amount;\n            totalDebt -= _amount;\n            IERC20(token).safeTransferFrom(msg.sender, address(this), _amount);\n        } else {\n            debts[_target] = 0;\n            totalDebt -= _debt;\n            IERC20(token).safeTransferFrom(msg.sender, address(this), _debt);\n        }\n    }\n\n    /\n     * @notice an address that has balance in the vault can withdraw value denominated in attribution\n     * @param _attribution amount of attribution to burn\n     * @param _to beneficiary\'s address\n     * @return _retVal number of tokens withdrawn from the transaction\n     /\n    function withdrawAttribution(uint256 _attribution, address _to)\n        external\n        override\n        returns (uint256 _retVal)\n    {\n        _retVal = _withdrawAttribution(_attribution, _to);\n    }\n\n    /\n     * @notice an address that has balance in the vault can withdraw all value\n     * @param _to beneficiary\'s address\n     * @return _retVal number of tokens withdrawn from the transaction\n     */\n    function withdrawAllAttribution(address _to)\n        external\n        override\n        returns (uint256 _retVal)\n    {\n        _retVal = _withdrawAttribution(attributions[msg.sender], _to);\n    }\n\n    /\n     * @notice an address that has balance in the vault can withdraw all value\n     * @param _attribution amount of attribution to burn\n     * @param _to beneficiary\'s address\n     * @return _retVal number of tokens withdrawn from the transaction\n     /\n    function _withdrawAttribution(uint256 _attribution, address _to)\n        internal\n        returns (uint256 _retVal)\n    {\n        require(\n            attributions[msg.sender] &gt;= _attribution,\n            ""ERROR_WITHDRAW-ATTRIBUTION_BADCONDITOONS""\n        );\n        _retVal = (_attribution * valueAll()) / totalAttributions;\n\n        attributions[msg.sender] -= _attribution;\n        totalAttributions -= _attribution;\n\n        if (available() &lt; _retVal) {\n            uint256 _shortage = _retVal - available();\n            _unutilize(_shortage);\n        }\n\n        balance -= _retVal;\n        IERC20(token).safeTransfer(_to, _retVal);\n    }\n\n    /\n     * @notice an address that has balance in the vault can transfer value denominated in attribution\n     * @param _amount amount of attribution to transfer\n     * @param _destination reciepient of attribution\n     /\n    function transferAttribution(uint256 _amount, address _destination)\n        external\n        override\n    {\n        require(_destination != address(0), ""ERROR_ZERO_ADDRESS"");\n\n        require(\n            _amount != 0 &amp;&amp; attributions[msg.sender] &gt;= _amount,\n            ""ERROR_TRANSFER-ATTRIBUTION_BADCONDITOONS""\n        );\n\n        attributions[msg.sender] -= _amount;\n        attributions[_destination] += _amount;\n    }\n\n    /\n     * @notice the controller can utilize all available stored funds\n     * @return _amount amount of tokens utilized\n     */\n    function utilize() external override returns (uint256 _amount) {\n        if (keeper != address(0)) {\n            require(msg.sender == keeper, ""ERROR_NOT_KEEPER"");\n        }\n        _amount = available(); //balance\n        if (_amount &gt; 0) {\n            IERC20(token).safeTransfer(address(controller), _amount);\n            balance -= _amount;\n            controller.earn(address(token), _amount);\n        }\n    }\n\n    /\n     * @notice get attribution number for the specified address\n     * @param _target target address\n     * @return amount of attritbution\n     /\n\n    function attributionOf(address _target)\n        external\n        view\n        override\n        returns (uint256)\n    {\n        return attributions[_target];\n    }\n\n    /\n     * @notice get all attribution number for this contract\n     * @return amount of all attribution\n     /\n    function attributionAll() external view returns (uint256) {\n        return totalAttributions;\n    }\n\n    /\n     * @notice Convert attribution number into underlying assset value\n     * @param _attribution amount of attribution\n     * @return token value of input attribution\n     */\n    function attributionValue(uint256 _attribution)\n        external\n        view\n        override\n        returns (uint256)\n    {\n        if (totalAttributions &gt; 0 &amp;&amp; _attribution &gt; 0) {\n            return (_attribution * valueAll()) / totalAttributions;\n        } else {\n            return 0;\n        }\n    }\n\n    /\n     * @notice return underlying value of the specified address\n     * @param _target target address\n     * @return token value of target address\n     /\n    function underlyingValue(address _target)\n        public\n        view\n        override\n        returns (uint256)\n    {\n        if (attributions[_target] &gt; 0) {\n            return (valueAll() * attributions[_target]) / totalAttributions;\n        } else {\n            return 0;\n        }\n    }\n\n    /\n     * @notice return underlying value of this contract\n     * @return all token value of the vault\n     /\n    function valueAll() public view returns (uint256) {\n        if (address(controller) != address(0)) {\n            return balance + controller.valueAll();\n        } else {\n            return balance;\n        }\n    }\n\n    /\n     * @notice internal function to unutilize the funds and keep utilization rate\n     * @param _amount amount to withdraw from controller\n     */\n    function _unutilize(uint256 _amount) internal {\n        require(address(controller) != address(0), ""ERROR_CONTROLLER_NOT_SET"");\n\n        controller.withdraw(address(this), _amount);\n        balance += _amount;\n    }\n\n    /\n     * @notice return how much funds in this contract is available to be utilized\n     * @return available balance to utilize\n     /\n    function available() public view returns (uint256) {\n        return balance - totalDebt;\n    }\n\n    /\n     * @notice return how much price for each attribution\n     * @return value of one share of attribution\n     /\n    function getPricePerFullShare() public view returns (uint256) {\n        return (valueAll() * MAGIC_SCALE_1E6) / totalAttributions;\n    }\n\n    /\n     * onlyOwner\n     */\n\n    /\n     * @notice withdraw redundant token stored in this contract\n     * @param _token token address\n     * @param _to beneficiary\'s address\n     /\n    function withdrawRedundant(address _token, address _to)\n        external\n        override\n        onlyOwner\n    {\n        if (\n            _token == address(token) &amp;&amp;\n            balance &lt; IERC20(token).balanceOf(address(this))\n        ) {\n            uint256 _redundant = IERC20(token).balanceOf(address(this)) -\n                balance;\n            IERC20(token).safeTransfer(_to, _redundant);\n        } else if (IERC20(_token).balanceOf(address(this)) &gt; 0) {\n            IERC20(_token).safeTransfer(\n                _to,\n                IERC20(_token).balanceOf(address(this))\n            );\n        }\n    }\n\n    /\n     * @notice admin function to set controller address\n     * @param _controller address of the controller\n     /\n    function setController(address _controller) public override onlyOwner {\n        require(_controller != address(0), ""ERROR_ZERO_ADDRESS"");\n\n        if (address(controller) != address(0)) {\n            controller.migrate(address(_controller));\n            controller = IController(_controller);\n        } else {\n            controller = IController(_controller);\n        }\n\n        emit ControllerSet(_controller);\n    }\n\n    /*\n     * @notice the controller can utilize all available stored funds\n     * @param _keeper keeper address\n     /\n    function setKeeper(address _keeper) external override onlyOwner {\n        if (keeper != _keeper) {\n            keeper = _keeper;\n        }\n    }\n}\n', 'ideas': "" Unnecessary Comparison Identified.\n\nUNNECESSARY COMPARISON\n'''\nIn the transferDebt function, the condition if(_amount != 0) is used to check if _amount is non-zero before proceeding with the logic. This can be simplified by directly using _amount in the conditional statement, as the check for zero can be done implicitly. The current explicit comparison may reduce code readability and introduces unnecessary complexity.\n\nRecommended mitigation/fix:\nInstead of:\nsolidity\nif(_amount != 0){\n    debts[msg.sender] -= _amount;\n    debts[address(0)] += _amount;\n}\n\nUse:\nsolidity\nif(_amount &gt; 0){\n    debts[msg.sender] -= _amount;\n    debts[address(0)] += _amount;\n}\n\nThis change ensures that the code remains clear and concise while maintaining the intended functionality.\n'''""} |
| **memory** | No existed memory |
| **model_type** | ModelType.GPT_4_O_MINI |

[2024-10-08 11:57:30 INFO] System: **[RolePlaying]**

| Parameter | Value |
| --- | --- |
| **assistant_role_name** | Security Analyst |
| **user_role_name** | Solidity Programming Expert |
| **assistant_role_prompt** | {chatdev_prompt} You are Security Analyst. Now, we are both working at ChatDev and share a common interest in collaborating to successfully execute a marketing strategy for a new customer. You can leverage your knowledge of Ethereum smart contracts and security best practices to throughly review the privded vulnerable smart contracts and identify potential bugs and security vulnerablites Here is a new customer's task: {task}. To complete the task,  you must write a response that appropriately solves the requested instruction based on your expertise and customer's needs. |
| **user_role_prompt** | {chatdev_prompt} You are Solidity Programming Expert. Now, we are both working at ChatDev and share a common interest in collaborating to successfully execute a marketing strategy for a new customer. You can analyze the code structure, logic, and implementation details of the contracts. You have extensive computing and coding experience in Solidity programming language. Here is a new customer's task: {task}. To complete the task,  you must write a response that appropriately solves the requested instruction based on your expertise and customer's needs. |
| **task_prompt** | pragma solidity 0.8.7; /*  * @author InsureDAO  * @title InsureDAO vault contract  * @notice  * SPDX-License-Identifier: GPL-3.0  / import ""@openzeppelin/contracts/token/ERC20/IERC20.sol""; import ""@openzeppelin/contracts/token/ERC20/utils/SafeERC20.sol""; import ""./interfaces/IOwnership.sol""; import ""./interfaces/IVault.sol""; import ""./interfaces/IController.sol""; import ""./interfaces/IRegistry.sol""; contract Vault is IVault {     using SafeERC20 for IERC20; /**  * Storage  */  address public override token; IController public controller; IRegistry public registry; IOwnership public ownership;  mapping(address =&gt; uint256) public override debts; mapping(address =&gt; uint256) public attributions; uint256 public totalAttributions;  address public keeper; //keeper can operate utilize(), if address zero, anyone can operate. uint256 public balance; //balance of underlying token uint256 public totalDebt; //total debt balance. 1debt:1token  uint256 public constant MAGIC_SCALE_1E6 = 1e6; //internal multiplication scale 1e6 to reduce decimal truncation    event ControllerSet(address controller);  modifier onlyOwner() {     require(         ownership.owner() == msg.sender,         ""Restricted: caller is not allowed to operate""     );     _; }  modifier onlyMarket() {     require(         IRegistry(registry).isListed(msg.sender),         ""ERROR_ONLY_MARKET""     );     _; }  constructor(     address _token,     address _registry,     address _controller,     address _ownership ) {     require(_token != address(0));     require(_registry != address(0));     require(_ownership != address(0));     //controller can be zero      token = _token;     registry = IRegistry(_registry);     controller = IController(_controller);     ownership = IOwnership(_ownership); }  /**  * Vault Functions  */  /**  * @notice A market contract can deposit collateral and get attribution point in return  * @param  _amount amount of tokens to deposit  * @param _from sender's address  * @param _beneficiaries beneficiary's address array  * @param _shares funds share within beneficiaries (100% = 1e6)  * @return _allocations attribution amount generated from the transaction  */ function addValueBatch(     uint256 _amount,     address _from,     address[2] memory _beneficiaries,     uint256[2] memory _shares ) external override onlyMarket returns (uint256[2] memory _allocations) {      require(_shares[0] + _shares[1] == 1000000, ""ERROR_INCORRECT_SHARE"");      uint256 _attributions;     if (totalAttributions == 0) {         _attributions = _amount;     } else {         uint256 _pool = valueAll();         _attributions = (_amount * totalAttributions) / _pool;     }     IERC20(token).safeTransferFrom(_from, address(this), _amount);      balance += _amount;     totalAttributions += _attributions;     for (uint128 i = 0; i &lt; 2; i++) {         uint256 _allocation = (_shares[i] * _attributions) / MAGIC_SCALE_1E6;         attributions[_beneficiaries[i]] += _allocation;         _allocations[i] = _allocation;     } }  /**  * @notice A market contract can deposit collateral and get attribution point in return  * @param  _amount amount of tokens to deposit  * @param _from sender's address  * @param _beneficiary beneficiary's address  * @return _attributions attribution amount generated from the transaction  */  function addValue(     uint256 _amount,     address _from,     address _beneficiary ) external override onlyMarket returns (uint256 _attributions) {      if (totalAttributions == 0) {         _attributions = _amount;     } else {         uint256 _pool = valueAll();         _attributions = (_amount * totalAttributions) / _pool;     }     IERC20(token).safeTransferFrom(_from, address(this), _amount);     balance += _amount;     totalAttributions += _attributions;     attributions[_beneficiary] += _attributions; }  /**  * @notice an address that has balance in the vault can withdraw underlying value  * @param _amount amount of tokens to withdraw  * @param _to address to get underlying tokens  * @return _attributions amount of attributions burnet  */ function withdrawValue(uint256 _amount, address _to)     external     override     returns (uint256 _attributions) {     require(         attributions[msg.sender] &gt; 0 &amp;&amp;             underlyingValue(msg.sender) &gt;= _amount,         ""ERROR_WITHDRAW-VALUE_BADCONDITOONS""     );     _attributions = (totalAttributions * _amount) / valueAll();      attributions[msg.sender] -= _attributions;     totalAttributions -= _attributions;      if (available() &lt; _amount) {         //when USDC in this contract isn't enough         uint256 _shortage = _amount - available();         _unutilize(_shortage);          assert(available() &gt;= _amount);     }      balance -= _amount;     IERC20(token).safeTransfer(_to, _amount); }  /**  * @notice an address that has balance in the vault can transfer underlying value  * @param _amount sender of value  * @param _destination reciepient of value  */  function transferValue(uint256 _amount, address _destination)     external     override     returns (uint256 _attributions) {     require(         attributions[msg.sender] &gt; 0 &amp;&amp;             underlyingValue(msg.sender) &gt;= _amount,         ""ERROR_TRANSFER-VALUE_BADCONDITOONS""     );     _attributions = (_amount * totalAttributions) / valueAll();     attributions[msg.sender] -= _attributions;     attributions[_destination] += _attributions; }  /**  * @notice a registered contract can borrow balance from the vault  * @param _amount borrow amount  * @param _to borrower's address  */ function borrowValue(uint256 _amount, address _to) external onlyMarket override {     debts[msg.sender] += _amount;     totalDebt += _amount;      IERC20(token).safeTransfer(_to, _amount); }  /**  * @notice an address that has balance in the vault can offset an address's debt  * @param _amount debt amount to offset  * @param _target borrower's address  */  function offsetDebt(uint256 _amount, address _target)     external     override     returns (uint256 _attributions) {     require(         attributions[msg.sender] &gt; 0 &amp;&amp;             underlyingValue(msg.sender) &gt;= _amount,         ""ERROR_REPAY_DEBT_BADCONDITOONS""     );     _attributions = (_amount * totalAttributions) / valueAll();     attributions[msg.sender] -= _attributions;     totalAttributions -= _attributions;     balance -= _amount;     debts[_target] -= _amount;     totalDebt -= _amount; }  /**  * @notice a registerd market can transfer their debt to system debt  * @param _amount debt amount to transfer  * @dev will be called when CDS could not afford when resume the market.  */ function transferDebt(uint256 _amount) external onlyMarket override {      if(_amount != 0){         debts[msg.sender] -= _amount;         debts[address(0)] += _amount;     } }  /**  * @notice anyone can repay the system debt by sending tokens to this contract  * @param _amount debt amount to repay  * @param _target borrower's address  */ function repayDebt(uint256 _amount, address _target) external override {     uint256 _debt = debts[_target];     if (_debt &gt;= _amount) {         debts[_target] -= _amount;         totalDebt -= _amount;         IERC20(token).safeTransferFrom(msg.sender, address(this), _amount);     } else {         debts[_target] = 0;         totalDebt -= _debt;         IERC20(token).safeTransferFrom(msg.sender, address(this), _debt);     } }  /**  * @notice an address that has balance in the vault can withdraw value denominated in attribution  * @param _attribution amount of attribution to burn  * @param _to beneficiary's address  * @return _retVal number of tokens withdrawn from the transaction  */ function withdrawAttribution(uint256 _attribution, address _to)     external     override     returns (uint256 _retVal) {     _retVal = _withdrawAttribution(_attribution, _to); }  /**  * @notice an address that has balance in the vault can withdraw all value  * @param _to beneficiary's address  * @return _retVal number of tokens withdrawn from the transaction  */ function withdrawAllAttribution(address _to)     external     override     returns (uint256 _retVal) {     _retVal = _withdrawAttribution(attributions[msg.sender], _to); }  /**  * @notice an address that has balance in the vault can withdraw all value  * @param _attribution amount of attribution to burn  * @param _to beneficiary's address  * @return _retVal number of tokens withdrawn from the transaction  */ function _withdrawAttribution(uint256 _attribution, address _to)     internal     returns (uint256 _retVal) {     require(         attributions[msg.sender] &gt;= _attribution,         ""ERROR_WITHDRAW-ATTRIBUTION_BADCONDITOONS""     );     _retVal = (_attribution * valueAll()) / totalAttributions;      attributions[msg.sender] -= _attribution;     totalAttributions -= _attribution;      if (available() &lt; _retVal) {         uint256 _shortage = _retVal - available();         _unutilize(_shortage);     }      balance -= _retVal;     IERC20(token).safeTransfer(_to, _retVal); }  /**  * @notice an address that has balance in the vault can transfer value denominated in attribution  * @param _amount amount of attribution to transfer  * @param _destination reciepient of attribution  */ function transferAttribution(uint256 _amount, address _destination)     external     override {     require(_destination != address(0), ""ERROR_ZERO_ADDRESS"");      require(         _amount != 0 &amp;&amp; attributions[msg.sender] &gt;= _amount,         ""ERROR_TRANSFER-ATTRIBUTION_BADCONDITOONS""     );      attributions[msg.sender] -= _amount;     attributions[_destination] += _amount; }  /**  * @notice the controller can utilize all available stored funds  * @return _amount amount of tokens utilized  */ function utilize() external override returns (uint256 _amount) {     if (keeper != address(0)) {         require(msg.sender == keeper, ""ERROR_NOT_KEEPER"");     }     _amount = available(); //balance     if (_amount &gt; 0) {         IERC20(token).safeTransfer(address(controller), _amount);         balance -= _amount;         controller.earn(address(token), _amount);     } }  /**  * @notice get attribution number for the specified address  * @param _target target address  * @return amount of attritbution  */  function attributionOf(address _target)     external     view     override     returns (uint256) {     return attributions[_target]; }  /**  * @notice get all attribution number for this contract  * @return amount of all attribution  */ function attributionAll() external view returns (uint256) {     return totalAttributions; }  /**  * @notice Convert attribution number into underlying assset value  * @param _attribution amount of attribution  * @return token value of input attribution  */ function attributionValue(uint256 _attribution)     external     view     override     returns (uint256) {     if (totalAttributions &gt; 0 &amp;&amp; _attribution &gt; 0) {         return (_attribution * valueAll()) / totalAttributions;     } else {         return 0;     } }  /**  * @notice return underlying value of the specified address  * @param _target target address  * @return token value of target address  */ function underlyingValue(address _target)     public     view     override     returns (uint256) {     if (attributions[_target] &gt; 0) {         return (valueAll() * attributions[_target]) / totalAttributions;     } else {         return 0;     } }  /**  * @notice return underlying value of this contract  * @return all token value of the vault  */ function valueAll() public view returns (uint256) {     if (address(controller) != address(0)) {         return balance + controller.valueAll();     } else {         return balance;     } }  /**  * @notice internal function to unutilize the funds and keep utilization rate  * @param _amount amount to withdraw from controller  */ function _unutilize(uint256 _amount) internal {     require(address(controller) != address(0), ""ERROR_CONTROLLER_NOT_SET"");      controller.withdraw(address(this), _amount);     balance += _amount; }  /**  * @notice return how much funds in this contract is available to be utilized  * @return available balance to utilize  */ function available() public view returns (uint256) {     return balance - totalDebt; }  /**  * @notice return how much price for each attribution  * @return value of one share of attribution  */ function getPricePerFullShare() public view returns (uint256) {     return (valueAll() * MAGIC_SCALE_1E6) / totalAttributions; }  /**  * onlyOwner  */  /**  * @notice withdraw redundant token stored in this contract  * @param _token token address  * @param _to beneficiary's address  */ function withdrawRedundant(address _token, address _to)     external     override     onlyOwner {     if (         _token == address(token) &amp;&amp;         balance &lt; IERC20(token).balanceOf(address(this))     ) {         uint256 _redundant = IERC20(token).balanceOf(address(this)) -             balance;         IERC20(token).safeTransfer(_to, _redundant);     } else if (IERC20(_token).balanceOf(address(this)) &gt; 0) {         IERC20(_token).safeTransfer(             _to,             IERC20(_token).balanceOf(address(this))         );     } }  /**  * @notice admin function to set controller address  * @param _controller address of the controller  */ function setController(address _controller) public override onlyOwner {     require(_controller != address(0), ""ERROR_ZERO_ADDRESS"");      if (address(controller) != address(0)) {         controller.migrate(address(_controller));         controller = IController(_controller);     } else {         controller = IController(_controller);     }      emit ControllerSet(_controller); }  /**  * @notice the controller can utilize all available stored funds  * @param _keeper keeper address  */ function setKeeper(address _keeper) external override onlyOwner {     if (keeper != _keeper) {         keeper = _keeper;     } }  } |
| **with_task_specify** | False |
| **memory** | No existed memory |
| **model_type** | ModelType.GPT_4_O_MINI |
| **background_prompt** | We are a specialized team that audits Solidity smart contracts using an advanced multi-agent system. Our approach combines the expertise of project management, smart contract counseling, auditing, and Solidity programming to deliver comprehensive and reliable contract assessments. |

[2024-10-08 11:57:30 INFO] Solidity Programming Expert: **[Start Chat]**

[We are a specialized team that audits Solidity smart contracts using an advanced multi-agent system. Our approach combines the expertise of project management, smart contract counseling, auditing, and Solidity programming to deliver comprehensive and reliable contract assessments.
You are Security Analyst. Now, we are both working at ChatDev and share a common interest in collaborating to successfully execute a marketing strategy for a new customer.
You can leverage your knowledge of Ethereum smart contracts and security best practices to throughly review the privded vulnerable smart contracts and identify potential bugs and security vulnerablites
Here is a new customer's task: pragma solidity 0.8.7;

/**
 * @author InsureDAO
 * @title InsureDAO vault contract
 * @notice
 * SPDX-License-Identifier: GPL-3.0
 */
import ""@openzeppelin/contracts/token/ERC20/IERC20.sol"";
import ""@openzeppelin/contracts/token/ERC20/utils/SafeERC20.sol"";

import ""./interfaces/IOwnership.sol"";
import ""./interfaces/IVault.sol"";

import ""./interfaces/IController.sol"";
import ""./interfaces/IRegistry.sol"";

contract Vault is IVault {
    using SafeERC20 for IERC20;

    /**
     * Storage
     */

    address public override token;
    IController public controller;
    IRegistry public registry;
    IOwnership public ownership;

    mapping(address => uint256) public override debts;
    mapping(address => uint256) public attributions;
    uint256 public totalAttributions;

    address public keeper; //keeper can operate utilize(), if address zero, anyone can operate.
    uint256 public balance; //balance of underlying token
    uint256 public totalDebt; //total debt balance. 1debt:1token

    uint256 public constant MAGIC_SCALE_1E6 = 1e6; //internal multiplication scale 1e6 to reduce decimal truncation



    event ControllerSet(address controller);

    modifier onlyOwner() {
        require(
            ownership.owner() == msg.sender,
            ""Restricted: caller is not allowed to operate""
        );
        _;
    }

    modifier onlyMarket() {
        require(
            IRegistry(registry).isListed(msg.sender),
            ""ERROR_ONLY_MARKET""
        );
        _;
    }

    constructor(
        address _token,
        address _registry,
        address _controller,
        address _ownership
    ) {
        require(_token != address(0));
        require(_registry != address(0));
        require(_ownership != address(0));
        //controller can be zero

        token = _token;
        registry = IRegistry(_registry);
        controller = IController(_controller);
        ownership = IOwnership(_ownership);
    }

    /**
     * Vault Functions
     */

    /**
     * @notice A market contract can deposit collateral and get attribution point in return
     * @param  _amount amount of tokens to deposit
     * @param _from sender's address
     * @param _beneficiaries beneficiary's address array
     * @param _shares funds share within beneficiaries (100% = 1e6)
     * @return _allocations attribution amount generated from the transaction
     */
    function addValueBatch(
        uint256 _amount,
        address _from,
        address[2] memory _beneficiaries,
        uint256[2] memory _shares
    ) external override onlyMarket returns (uint256[2] memory _allocations) {
        
        require(_shares[0] + _shares[1] == 1000000, ""ERROR_INCORRECT_SHARE"");

        uint256 _attributions;
        if (totalAttributions == 0) {
            _attributions = _amount;
        } else {
            uint256 _pool = valueAll();
            _attributions = (_amount * totalAttributions) / _pool;
        }
        IERC20(token).safeTransferFrom(_from, address(this), _amount);

        balance += _amount;
        totalAttributions += _attributions;
        for (uint128 i = 0; i < 2; i++) {
            uint256 _allocation = (_shares[i] * _attributions) / MAGIC_SCALE_1E6;
            attributions[_beneficiaries[i]] += _allocation;
            _allocations[i] = _allocation;
        }
    }

    /**
     * @notice A market contract can deposit collateral and get attribution point in return
     * @param  _amount amount of tokens to deposit
     * @param _from sender's address
     * @param _beneficiary beneficiary's address
     * @return _attributions attribution amount generated from the transaction
     */

    function addValue(
        uint256 _amount,
        address _from,
        address _beneficiary
    ) external override onlyMarket returns (uint256 _attributions) {

        if (totalAttributions == 0) {
            _attributions = _amount;
        } else {
            uint256 _pool = valueAll();
            _attributions = (_amount * totalAttributions) / _pool;
        }
        IERC20(token).safeTransferFrom(_from, address(this), _amount);
        balance += _amount;
        totalAttributions += _attributions;
        attributions[_beneficiary] += _attributions;
    }

    /**
     * @notice an address that has balance in the vault can withdraw underlying value
     * @param _amount amount of tokens to withdraw
     * @param _to address to get underlying tokens
     * @return _attributions amount of attributions burnet
     */
    function withdrawValue(uint256 _amount, address _to)
        external
        override
        returns (uint256 _attributions)
    {
        require(
            attributions[msg.sender] > 0 &&
                underlyingValue(msg.sender) >= _amount,
            ""ERROR_WITHDRAW-VALUE_BADCONDITOONS""
        );
        _attributions = (totalAttributions * _amount) / valueAll();

        attributions[msg.sender] -= _attributions;
        totalAttributions -= _attributions;

        if (available() < _amount) {
            //when USDC in this contract isn't enough
            uint256 _shortage = _amount - available();
            _unutilize(_shortage);

            assert(available() >= _amount);
        }

        balance -= _amount;
        IERC20(token).safeTransfer(_to, _amount);
    }

    /**
     * @notice an address that has balance in the vault can transfer underlying value
     * @param _amount sender of value
     * @param _destination reciepient of value
     */

    function transferValue(uint256 _amount, address _destination)
        external
        override
        returns (uint256 _attributions)
    {
        require(
            attributions[msg.sender] > 0 &&
                underlyingValue(msg.sender) >= _amount,
            ""ERROR_TRANSFER-VALUE_BADCONDITOONS""
        );
        _attributions = (_amount * totalAttributions) / valueAll();
        attributions[msg.sender] -= _attributions;
        attributions[_destination] += _attributions;
    }

    /**
     * @notice a registered contract can borrow balance from the vault
     * @param _amount borrow amount
     * @param _to borrower's address
     */
    function borrowValue(uint256 _amount, address _to) external onlyMarket override {
        debts[msg.sender] += _amount;
        totalDebt += _amount;

        IERC20(token).safeTransfer(_to, _amount);
    }

    /**
     * @notice an address that has balance in the vault can offset an address's debt
     * @param _amount debt amount to offset
     * @param _target borrower's address
     */

    function offsetDebt(uint256 _amount, address _target)
        external
        override
        returns (uint256 _attributions)
    {
        require(
            attributions[msg.sender] > 0 &&
                underlyingValue(msg.sender) >= _amount,
            ""ERROR_REPAY_DEBT_BADCONDITOONS""
        );
        _attributions = (_amount * totalAttributions) / valueAll();
        attributions[msg.sender] -= _attributions;
        totalAttributions -= _attributions;
        balance -= _amount;
        debts[_target] -= _amount;
        totalDebt -= _amount;
    }

    /**
     * @notice a registerd market can transfer their debt to system debt
     * @param _amount debt amount to transfer
     * @dev will be called when CDS could not afford when resume the market.
     */
    function transferDebt(uint256 _amount) external onlyMarket override {

        if(_amount != 0){
            debts[msg.sender] -= _amount;
            debts[address(0)] += _amount;
        }
    }

    /**
     * @notice anyone can repay the system debt by sending tokens to this contract
     * @param _amount debt amount to repay
     * @param _target borrower's address
     */
    function repayDebt(uint256 _amount, address _target) external override {
        uint256 _debt = debts[_target];
        if (_debt >= _amount) {
            debts[_target] -= _amount;
            totalDebt -= _amount;
            IERC20(token).safeTransferFrom(msg.sender, address(this), _amount);
        } else {
            debts[_target] = 0;
            totalDebt -= _debt;
            IERC20(token).safeTransferFrom(msg.sender, address(this), _debt);
        }
    }

    /**
     * @notice an address that has balance in the vault can withdraw value denominated in attribution
     * @param _attribution amount of attribution to burn
     * @param _to beneficiary's address
     * @return _retVal number of tokens withdrawn from the transaction
     */
    function withdrawAttribution(uint256 _attribution, address _to)
        external
        override
        returns (uint256 _retVal)
    {
        _retVal = _withdrawAttribution(_attribution, _to);
    }

    /**
     * @notice an address that has balance in the vault can withdraw all value
     * @param _to beneficiary's address
     * @return _retVal number of tokens withdrawn from the transaction
     */
    function withdrawAllAttribution(address _to)
        external
        override
        returns (uint256 _retVal)
    {
        _retVal = _withdrawAttribution(attributions[msg.sender], _to);
    }

    /**
     * @notice an address that has balance in the vault can withdraw all value
     * @param _attribution amount of attribution to burn
     * @param _to beneficiary's address
     * @return _retVal number of tokens withdrawn from the transaction
     */
    function _withdrawAttribution(uint256 _attribution, address _to)
        internal
        returns (uint256 _retVal)
    {
        require(
            attributions[msg.sender] >= _attribution,
            ""ERROR_WITHDRAW-ATTRIBUTION_BADCONDITOONS""
        );
        _retVal = (_attribution * valueAll()) / totalAttributions;

        attributions[msg.sender] -= _attribution;
        totalAttributions -= _attribution;

        if (available() < _retVal) {
            uint256 _shortage = _retVal - available();
            _unutilize(_shortage);
        }

        balance -= _retVal;
        IERC20(token).safeTransfer(_to, _retVal);
    }

    /**
     * @notice an address that has balance in the vault can transfer value denominated in attribution
     * @param _amount amount of attribution to transfer
     * @param _destination reciepient of attribution
     */
    function transferAttribution(uint256 _amount, address _destination)
        external
        override
    {
        require(_destination != address(0), ""ERROR_ZERO_ADDRESS"");

        require(
            _amount != 0 && attributions[msg.sender] >= _amount,
            ""ERROR_TRANSFER-ATTRIBUTION_BADCONDITOONS""
        );

        attributions[msg.sender] -= _amount;
        attributions[_destination] += _amount;
    }

    /**
     * @notice the controller can utilize all available stored funds
     * @return _amount amount of tokens utilized
     */
    function utilize() external override returns (uint256 _amount) {
        if (keeper != address(0)) {
            require(msg.sender == keeper, ""ERROR_NOT_KEEPER"");
        }
        _amount = available(); //balance
        if (_amount > 0) {
            IERC20(token).safeTransfer(address(controller), _amount);
            balance -= _amount;
            controller.earn(address(token), _amount);
        }
    }

    /**
     * @notice get attribution number for the specified address
     * @param _target target address
     * @return amount of attritbution
     */

    function attributionOf(address _target)
        external
        view
        override
        returns (uint256)
    {
        return attributions[_target];
    }

    /**
     * @notice get all attribution number for this contract
     * @return amount of all attribution
     */
    function attributionAll() external view returns (uint256) {
        return totalAttributions;
    }

    /**
     * @notice Convert attribution number into underlying assset value
     * @param _attribution amount of attribution
     * @return token value of input attribution
     */
    function attributionValue(uint256 _attribution)
        external
        view
        override
        returns (uint256)
    {
        if (totalAttributions > 0 && _attribution > 0) {
            return (_attribution * valueAll()) / totalAttributions;
        } else {
            return 0;
        }
    }

    /**
     * @notice return underlying value of the specified address
     * @param _target target address
     * @return token value of target address
     */
    function underlyingValue(address _target)
        public
        view
        override
        returns (uint256)
    {
        if (attributions[_target] > 0) {
            return (valueAll() * attributions[_target]) / totalAttributions;
        } else {
            return 0;
        }
    }

    /**
     * @notice return underlying value of this contract
     * @return all token value of the vault
     */
    function valueAll() public view returns (uint256) {
        if (address(controller) != address(0)) {
            return balance + controller.valueAll();
        } else {
            return balance;
        }
    }

    /**
     * @notice internal function to unutilize the funds and keep utilization rate
     * @param _amount amount to withdraw from controller
     */
    function _unutilize(uint256 _amount) internal {
        require(address(controller) != address(0), ""ERROR_CONTROLLER_NOT_SET"");

        controller.withdraw(address(this), _amount);
        balance += _amount;
    }

    /**
     * @notice return how much funds in this contract is available to be utilized
     * @return available balance to utilize
     */
    function available() public view returns (uint256) {
        return balance - totalDebt;
    }

    /**
     * @notice return how much price for each attribution
     * @return value of one share of attribution
     */
    function getPricePerFullShare() public view returns (uint256) {
        return (valueAll() * MAGIC_SCALE_1E6) / totalAttributions;
    }

    /**
     * onlyOwner
     */

    /**
     * @notice withdraw redundant token stored in this contract
     * @param _token token address
     * @param _to beneficiary's address
     */
    function withdrawRedundant(address _token, address _to)
        external
        override
        onlyOwner
    {
        if (
            _token == address(token) &&
            balance < IERC20(token).balanceOf(address(this))
        ) {
            uint256 _redundant = IERC20(token).balanceOf(address(this)) -
                balance;
            IERC20(token).safeTransfer(_to, _redundant);
        } else if (IERC20(_token).balanceOf(address(this)) > 0) {
            IERC20(_token).safeTransfer(
                _to,
                IERC20(_token).balanceOf(address(this))
            );
        }
    }

    /**
     * @notice admin function to set controller address
     * @param _controller address of the controller
     */
    function setController(address _controller) public override onlyOwner {
        require(_controller != address(0), ""ERROR_ZERO_ADDRESS"");

        if (address(controller) != address(0)) {
            controller.migrate(address(_controller));
            controller = IController(_controller);
        } else {
            controller = IController(_controller);
        }

        emit ControllerSet(_controller);
    }

    /**
     * @notice the controller can utilize all available stored funds
     * @param _keeper keeper address
     */
    function setKeeper(address _keeper) external override onlyOwner {
        if (keeper != _keeper) {
            keeper = _keeper;
        }
    }
}
.
To complete the task,  you must write a response that appropriately solves the requested instruction based on your expertise and customer's needs.]

Given the user's task and the brainstorming ideas provided:
Task: ""pragma solidity 0.8.7;

/**
 * @author InsureDAO
 * @title InsureDAO vault contract
 * @notice
 * SPDX-License-Identifier: GPL-3.0
 */
import ""@openzeppelin/contracts/token/ERC20/IERC20.sol"";
import ""@openzeppelin/contracts/token/ERC20/utils/SafeERC20.sol"";

import ""./interfaces/IOwnership.sol"";
import ""./interfaces/IVault.sol"";

import ""./interfaces/IController.sol"";
import ""./interfaces/IRegistry.sol"";

contract Vault is IVault {
    using SafeERC20 for IERC20;

    /**
     * Storage
     */

    address public override token;
    IController public controller;
    IRegistry public registry;
    IOwnership public ownership;

    mapping(address => uint256) public override debts;
    mapping(address => uint256) public attributions;
    uint256 public totalAttributions;

    address public keeper; //keeper can operate utilize(), if address zero, anyone can operate.
    uint256 public balance; //balance of underlying token
    uint256 public totalDebt; //total debt balance. 1debt:1token

    uint256 public constant MAGIC_SCALE_1E6 = 1e6; //internal multiplication scale 1e6 to reduce decimal truncation



    event ControllerSet(address controller);

    modifier onlyOwner() {
        require(
            ownership.owner() == msg.sender,
            ""Restricted: caller is not allowed to operate""
        );
        _;
    }

    modifier onlyMarket() {
        require(
            IRegistry(registry).isListed(msg.sender),
            ""ERROR_ONLY_MARKET""
        );
        _;
    }

    constructor(
        address _token,
        address _registry,
        address _controller,
        address _ownership
    ) {
        require(_token != address(0));
        require(_registry != address(0));
        require(_ownership != address(0));
        //controller can be zero

        token = _token;
        registry = IRegistry(_registry);
        controller = IController(_controller);
        ownership = IOwnership(_ownership);
    }

    /**
     * Vault Functions
     */

    /**
     * @notice A market contract can deposit collateral and get attribution point in return
     * @param  _amount amount of tokens to deposit
     * @param _from sender's address
     * @param _beneficiaries beneficiary's address array
     * @param _shares funds share within beneficiaries (100% = 1e6)
     * @return _allocations attribution amount generated from the transaction
     */
    function addValueBatch(
        uint256 _amount,
        address _from,
        address[2] memory _beneficiaries,
        uint256[2] memory _shares
    ) external override onlyMarket returns (uint256[2] memory _allocations) {
        
        require(_shares[0] + _shares[1] == 1000000, ""ERROR_INCORRECT_SHARE"");

        uint256 _attributions;
        if (totalAttributions == 0) {
            _attributions = _amount;
        } else {
            uint256 _pool = valueAll();
            _attributions = (_amount * totalAttributions) / _pool;
        }
        IERC20(token).safeTransferFrom(_from, address(this), _amount);

        balance += _amount;
        totalAttributions += _attributions;
        for (uint128 i = 0; i < 2; i++) {
            uint256 _allocation = (_shares[i] * _attributions) / MAGIC_SCALE_1E6;
            attributions[_beneficiaries[i]] += _allocation;
            _allocations[i] = _allocation;
        }
    }

    /**
     * @notice A market contract can deposit collateral and get attribution point in return
     * @param  _amount amount of tokens to deposit
     * @param _from sender's address
     * @param _beneficiary beneficiary's address
     * @return _attributions attribution amount generated from the transaction
     */

    function addValue(
        uint256 _amount,
        address _from,
        address _beneficiary
    ) external override onlyMarket returns (uint256 _attributions) {

        if (totalAttributions == 0) {
            _attributions = _amount;
        } else {
            uint256 _pool = valueAll();
            _attributions = (_amount * totalAttributions) / _pool;
        }
        IERC20(token).safeTransferFrom(_from, address(this), _amount);
        balance += _amount;
        totalAttributions += _attributions;
        attributions[_beneficiary] += _attributions;
    }

    /**
     * @notice an address that has balance in the vault can withdraw underlying value
     * @param _amount amount of tokens to withdraw
     * @param _to address to get underlying tokens
     * @return _attributions amount of attributions burnet
     */
    function withdrawValue(uint256 _amount, address _to)
        external
        override
        returns (uint256 _attributions)
    {
        require(
            attributions[msg.sender] > 0 &&
                underlyingValue(msg.sender) >= _amount,
            ""ERROR_WITHDRAW-VALUE_BADCONDITOONS""
        );
        _attributions = (totalAttributions * _amount) / valueAll();

        attributions[msg.sender] -= _attributions;
        totalAttributions -= _attributions;

        if (available() < _amount) {
            //when USDC in this contract isn't enough
            uint256 _shortage = _amount - available();
            _unutilize(_shortage);

            assert(available() >= _amount);
        }

        balance -= _amount;
        IERC20(token).safeTransfer(_to, _amount);
    }

    /**
     * @notice an address that has balance in the vault can transfer underlying value
     * @param _amount sender of value
     * @param _destination reciepient of value
     */

    function transferValue(uint256 _amount, address _destination)
        external
        override
        returns (uint256 _attributions)
    {
        require(
            attributions[msg.sender] > 0 &&
                underlyingValue(msg.sender) >= _amount,
            ""ERROR_TRANSFER-VALUE_BADCONDITOONS""
        );
        _attributions = (_amount * totalAttributions) / valueAll();
        attributions[msg.sender] -= _attributions;
        attributions[_destination] += _attributions;
    }

    /**
     * @notice a registered contract can borrow balance from the vault
     * @param _amount borrow amount
     * @param _to borrower's address
     */
    function borrowValue(uint256 _amount, address _to) external onlyMarket override {
        debts[msg.sender] += _amount;
        totalDebt += _amount;

        IERC20(token).safeTransfer(_to, _amount);
    }

    /**
     * @notice an address that has balance in the vault can offset an address's debt
     * @param _amount debt amount to offset
     * @param _target borrower's address
     */

    function offsetDebt(uint256 _amount, address _target)
        external
        override
        returns (uint256 _attributions)
    {
        require(
            attributions[msg.sender] > 0 &&
                underlyingValue(msg.sender) >= _amount,
            ""ERROR_REPAY_DEBT_BADCONDITOONS""
        );
        _attributions = (_amount * totalAttributions) / valueAll();
        attributions[msg.sender] -= _attributions;
        totalAttributions -= _attributions;
        balance -= _amount;
        debts[_target] -= _amount;
        totalDebt -= _amount;
    }

    /**
     * @notice a registerd market can transfer their debt to system debt
     * @param _amount debt amount to transfer
     * @dev will be called when CDS could not afford when resume the market.
     */
    function transferDebt(uint256 _amount) external onlyMarket override {

        if(_amount != 0){
            debts[msg.sender] -= _amount;
            debts[address(0)] += _amount;
        }
    }

    /**
     * @notice anyone can repay the system debt by sending tokens to this contract
     * @param _amount debt amount to repay
     * @param _target borrower's address
     */
    function repayDebt(uint256 _amount, address _target) external override {
        uint256 _debt = debts[_target];
        if (_debt >= _amount) {
            debts[_target] -= _amount;
            totalDebt -= _amount;
            IERC20(token).safeTransferFrom(msg.sender, address(this), _amount);
        } else {
            debts[_target] = 0;
            totalDebt -= _debt;
            IERC20(token).safeTransferFrom(msg.sender, address(this), _debt);
        }
    }

    /**
     * @notice an address that has balance in the vault can withdraw value denominated in attribution
     * @param _attribution amount of attribution to burn
     * @param _to beneficiary's address
     * @return _retVal number of tokens withdrawn from the transaction
     */
    function withdrawAttribution(uint256 _attribution, address _to)
        external
        override
        returns (uint256 _retVal)
    {
        _retVal = _withdrawAttribution(_attribution, _to);
    }

    /**
     * @notice an address that has balance in the vault can withdraw all value
     * @param _to beneficiary's address
     * @return _retVal number of tokens withdrawn from the transaction
     */
    function withdrawAllAttribution(address _to)
        external
        override
        returns (uint256 _retVal)
    {
        _retVal = _withdrawAttribution(attributions[msg.sender], _to);
    }

    /**
     * @notice an address that has balance in the vault can withdraw all value
     * @param _attribution amount of attribution to burn
     * @param _to beneficiary's address
     * @return _retVal number of tokens withdrawn from the transaction
     */
    function _withdrawAttribution(uint256 _attribution, address _to)
        internal
        returns (uint256 _retVal)
    {
        require(
            attributions[msg.sender] >= _attribution,
            ""ERROR_WITHDRAW-ATTRIBUTION_BADCONDITOONS""
        );
        _retVal = (_attribution * valueAll()) / totalAttributions;

        attributions[msg.sender] -= _attribution;
        totalAttributions -= _attribution;

        if (available() < _retVal) {
            uint256 _shortage = _retVal - available();
            _unutilize(_shortage);
        }

        balance -= _retVal;
        IERC20(token).safeTransfer(_to, _retVal);
    }

    /**
     * @notice an address that has balance in the vault can transfer value denominated in attribution
     * @param _amount amount of attribution to transfer
     * @param _destination reciepient of attribution
     */
    function transferAttribution(uint256 _amount, address _destination)
        external
        override
    {
        require(_destination != address(0), ""ERROR_ZERO_ADDRESS"");

        require(
            _amount != 0 && attributions[msg.sender] >= _amount,
            ""ERROR_TRANSFER-ATTRIBUTION_BADCONDITOONS""
        );

        attributions[msg.sender] -= _amount;
        attributions[_destination] += _amount;
    }

    /**
     * @notice the controller can utilize all available stored funds
     * @return _amount amount of tokens utilized
     */
    function utilize() external override returns (uint256 _amount) {
        if (keeper != address(0)) {
            require(msg.sender == keeper, ""ERROR_NOT_KEEPER"");
        }
        _amount = available(); //balance
        if (_amount > 0) {
            IERC20(token).safeTransfer(address(controller), _amount);
            balance -= _amount;
            controller.earn(address(token), _amount);
        }
    }

    /**
     * @notice get attribution number for the specified address
     * @param _target target address
     * @return amount of attritbution
     */

    function attributionOf(address _target)
        external
        view
        override
        returns (uint256)
    {
        return attributions[_target];
    }

    /**
     * @notice get all attribution number for this contract
     * @return amount of all attribution
     */
    function attributionAll() external view returns (uint256) {
        return totalAttributions;
    }

    /**
     * @notice Convert attribution number into underlying assset value
     * @param _attribution amount of attribution
     * @return token value of input attribution
     */
    function attributionValue(uint256 _attribution)
        external
        view
        override
        returns (uint256)
    {
        if (totalAttributions > 0 && _attribution > 0) {
            return (_attribution * valueAll()) / totalAttributions;
        } else {
            return 0;
        }
    }

    /**
     * @notice return underlying value of the specified address
     * @param _target target address
     * @return token value of target address
     */
    function underlyingValue(address _target)
        public
        view
        override
        returns (uint256)
    {
        if (attributions[_target] > 0) {
            return (valueAll() * attributions[_target]) / totalAttributions;
        } else {
            return 0;
        }
    }

    /**
     * @notice return underlying value of this contract
     * @return all token value of the vault
     */
    function valueAll() public view returns (uint256) {
        if (address(controller) != address(0)) {
            return balance + controller.valueAll();
        } else {
            return balance;
        }
    }

    /**
     * @notice internal function to unutilize the funds and keep utilization rate
     * @param _amount amount to withdraw from controller
     */
    function _unutilize(uint256 _amount) internal {
        require(address(controller) != address(0), ""ERROR_CONTROLLER_NOT_SET"");

        controller.withdraw(address(this), _amount);
        balance += _amount;
    }

    /**
     * @notice return how much funds in this contract is available to be utilized
     * @return available balance to utilize
     */
    function available() public view returns (uint256) {
        return balance - totalDebt;
    }

    /**
     * @notice return how much price for each attribution
     * @return value of one share of attribution
     */
    function getPricePerFullShare() public view returns (uint256) {
        return (valueAll() * MAGIC_SCALE_1E6) / totalAttributions;
    }

    /**
     * onlyOwner
     */

    /**
     * @notice withdraw redundant token stored in this contract
     * @param _token token address
     * @param _to beneficiary's address
     */
    function withdrawRedundant(address _token, address _to)
        external
        override
        onlyOwner
    {
        if (
            _token == address(token) &&
            balance < IERC20(token).balanceOf(address(this))
        ) {
            uint256 _redundant = IERC20(token).balanceOf(address(this)) -
                balance;
            IERC20(token).safeTransfer(_to, _redundant);
        } else if (IERC20(_token).balanceOf(address(this)) > 0) {
            IERC20(_token).safeTransfer(
                _to,
                IERC20(_token).balanceOf(address(this))
            );
        }
    }

    /**
     * @notice admin function to set controller address
     * @param _controller address of the controller
     */
    function setController(address _controller) public override onlyOwner {
        require(_controller != address(0), ""ERROR_ZERO_ADDRESS"");

        if (address(controller) != address(0)) {
            controller.migrate(address(_controller));
            controller = IController(_controller);
        } else {
            controller = IController(_controller);
        }

        emit ControllerSet(_controller);
    }

    /**
     * @notice the controller can utilize all available stored funds
     * @param _keeper keeper address
     */
    function setKeeper(address _keeper) external override onlyOwner {
        if (keeper != _keeper) {
            keeper = _keeper;
        }
    }
}
"".
Ideas: "" Unnecessary Comparison Identified.

UNNECESSARY COMPARISON
'''
In the `transferDebt` function, the condition `if(_amount != 0)` is used to check if `_amount` is non-zero before proceeding with the logic. This can be simplified by directly using `_amount` in the conditional statement, as the check for zero can be done implicitly. The current explicit comparison may reduce code readability and introduces unnecessary complexity.

Recommended mitigation/fix:
Instead of:
```solidity
if(_amount != 0){
    debts[msg.sender] -= _amount;
    debts[address(0)] += _amount;
}
```
Use:
```solidity
if(_amount > 0){
    debts[msg.sender] -= _amount;
    debts[address(0)] += _amount;
}
```
This change ensures that the code remains clear and concise while maintaining the intended functionality.
'''"".
As the Security Analyst, your primary objective is to perform a thorough and detailed inspection of the provided contract code, with a particular focus on identifying vulnerabilities related to Inconsistent Initialization. This type of vulnerability arises when state variables are initialized using a function that relies on the state of other variables, which may not yet be set or initialized, leading to unpredictable or unintended behavior.
There are two cases where the code may have Inconsistent Initialization vulnerabilities:
1. Initialization of a state variable using a function call where the function's logic depends on the state of other variables that are not yet initialized. This can lead to incorrect values being set for the variable.
2. Initialization order of state variables where the value of one variable depends on the value of another variable that has not been initialized yet.
If you identify Inconsistent Initialization, respond with: """,,,,,,,,,,"<INFO> Lack of Input Validation Identified.

**VULNERABILITY NAME: Zero Address Validation**
'''
In the `setKeeper` function, there is a lack of validation for the new keeper address. If the new keeper address is set to the zero address (address(0)), it could lead to unintended behavior, as the keeper would effectively be disabled. This could allow anyone to call the `utilize` function without restriction if the keeper is set to zero. 

**Recommended Mitigation/Fix:** 
Add a check to ensure that the new keeper address is not the zero address before assigning it. For example:
```solidity
require(_keeper != address(0), ""ERROR_ZERO_ADDRESS"");
```
'''

**VULNERABILITY NAME: Insufficient Validation on Debt Transfer**
'''
In the `transferDebt` function, there is no validation to check if the debt being transferred is greater than the current debt of the sender. If a market attempts to transfer more debt than it possesses, it will lead to negative debt values, which can cause inconsistencies in the contract's state.

**Recommended Mitigation/Fix:** 
Add a validation check to ensure that the amount being transferred does not exceed the sender's current debt:
```solidity
require(debts[msg.sender] >= _amount, ""ERROR_INSUFFICIENT_DEBT"");
```
'''

**VULNERABILITY NAME: Lack of Validation on Shares in addValueBatch**
'''
In the `addValueBatch` function, while there is a check to ensure that the sum of shares equals 1,000,000, there is no validation to ensure that the individual share values are not negative. If a negative share value is passed, it could lead to unexpected behavior in the allocation of attributions.

**Recommended Mitigation/Fix:** 
Add checks to ensure that both `_shares[0]` and `_shares[1]` are non-negative:
```solidity
require(_shares[0] >= 0 && _shares[1] >= 0, ""ERROR_NEGATIVE_SHARE"");
```
'''

**VULNERABILITY NAME: Lack of Validation on Amounts in Withdraw Functions**
'''
In the `withdrawValue`, `withdrawAttribution`, and `offsetDebt` functions, there is no validation to ensure that the amount being withdrawn or offset is greater than zero. This could allow users to attempt to withdraw or offset a zero amount, which may not be the intended behavior.

**Recommended Mitigation/Fix:** 
Add checks to ensure that the amounts being withdrawn or offset are greater than zero:
```solidity
require(_amount > 0, ""ERROR_ZERO_AMOUNT"");
```
'''

[2024-10-08 11:58:01 INFO] **[Execute Detail]**

execute SimplePhase:[DoSDetector] in ComposedPhase:[CodeReview], cycle 1

[2024-10-08 11:58:01 INFO] System: **[chatting]**

| Parameter | Value |
| --- | --- |
| **task_prompt** | pragma solidity 0.8.7; /*  * @author InsureDAO  * @title InsureDAO vault contract  * @notice  * SPDX-License-Identifier: GPL-3.0  / import ""@openzeppelin/contracts/token/ERC20/IERC20.sol""; import ""@openzeppelin/contracts/token/ERC20/utils/SafeERC20.sol""; import ""./interfaces/IOwnership.sol""; import ""./interfaces/IVault.sol""; import ""./interfaces/IController.sol""; import ""./interfaces/IRegistry.sol""; contract Vault is IVault {     using SafeERC20 for IERC20; /**  * Storage  */  address public override token; IController public controller; IRegistry public registry; IOwnership public ownership;  mapping(address =&gt; uint256) public override debts; mapping(address =&gt; uint256) public attributions; uint256 public totalAttributions;  address public keeper; //keeper can operate utilize(), if address zero, anyone can operate. uint256 public balance; //balance of underlying token uint256 public totalDebt; //total debt balance. 1debt:1token  uint256 public constant MAGIC_SCALE_1E6 = 1e6; //internal multiplication scale 1e6 to reduce decimal truncation    event ControllerSet(address controller);  modifier onlyOwner() {     require(         ownership.owner() == msg.sender,         ""Restricted: caller is not allowed to operate""     );     _; }  modifier onlyMarket() {     require(         IRegistry(registry).isListed(msg.sender),         ""ERROR_ONLY_MARKET""     );     _; }  constructor(     address _token,     address _registry,     address _controller,     address _ownership ) {     require(_token != address(0));     require(_registry != address(0));     require(_ownership != address(0));     //controller can be zero      token = _token;     registry = IRegistry(_registry);     controller = IController(_controller);     ownership = IOwnership(_ownership); }  /**  * Vault Functions  */  /**  * @notice A market contract can deposit collateral and get attribution point in return  * @param  _amount amount of tokens to deposit  * @param _from sender's address  * @param _beneficiaries beneficiary's address array  * @param _shares funds share within beneficiaries (100% = 1e6)  * @return _allocations attribution amount generated from the transaction  */ function addValueBatch(     uint256 _amount,     address _from,     address[2] memory _beneficiaries,     uint256[2] memory _shares ) external override onlyMarket returns (uint256[2] memory _allocations) {      require(_shares[0] + _shares[1] == 1000000, ""ERROR_INCORRECT_SHARE"");      uint256 _attributions;     if (totalAttributions == 0) {         _attributions = _amount;     } else {         uint256 _pool = valueAll();         _attributions = (_amount * totalAttributions) / _pool;     }     IERC20(token).safeTransferFrom(_from, address(this), _amount);      balance += _amount;     totalAttributions += _attributions;     for (uint128 i = 0; i &lt; 2; i++) {         uint256 _allocation = (_shares[i] * _attributions) / MAGIC_SCALE_1E6;         attributions[_beneficiaries[i]] += _allocation;         _allocations[i] = _allocation;     } }  /**  * @notice A market contract can deposit collateral and get attribution point in return  * @param  _amount amount of tokens to deposit  * @param _from sender's address  * @param _beneficiary beneficiary's address  * @return _attributions attribution amount generated from the transaction  */  function addValue(     uint256 _amount,     address _from,     address _beneficiary ) external override onlyMarket returns (uint256 _attributions) {      if (totalAttributions == 0) {         _attributions = _amount;     } else {         uint256 _pool = valueAll();         _attributions = (_amount * totalAttributions) / _pool;     }     IERC20(token).safeTransferFrom(_from, address(this), _amount);     balance += _amount;     totalAttributions += _attributions;     attributions[_beneficiary] += _attributions; }  /**  * @notice an address that has balance in the vault can withdraw underlying value  * @param _amount amount of tokens to withdraw  * @param _to address to get underlying tokens  * @return _attributions amount of attributions burnet  */ function withdrawValue(uint256 _amount, address _to)     external     override     returns (uint256 _attributions) {     require(         attributions[msg.sender] &gt; 0 &amp;&amp;             underlyingValue(msg.sender) &gt;= _amount,         ""ERROR_WITHDRAW-VALUE_BADCONDITOONS""     );     _attributions = (totalAttributions * _amount) / valueAll();      attributions[msg.sender] -= _attributions;     totalAttributions -= _attributions;      if (available() &lt; _amount) {         //when USDC in this contract isn't enough         uint256 _shortage = _amount - available();         _unutilize(_shortage);          assert(available() &gt;= _amount);     }      balance -= _amount;     IERC20(token).safeTransfer(_to, _amount); }  /**  * @notice an address that has balance in the vault can transfer underlying value  * @param _amount sender of value  * @param _destination reciepient of value  */  function transferValue(uint256 _amount, address _destination)     external     override     returns (uint256 _attributions) {     require(         attributions[msg.sender] &gt; 0 &amp;&amp;             underlyingValue(msg.sender) &gt;= _amount,         ""ERROR_TRANSFER-VALUE_BADCONDITOONS""     );     _attributions = (_amount * totalAttributions) / valueAll();     attributions[msg.sender] -= _attributions;     attributions[_destination] += _attributions; }  /**  * @notice a registered contract can borrow balance from the vault  * @param _amount borrow amount  * @param _to borrower's address  */ function borrowValue(uint256 _amount, address _to) external onlyMarket override {     debts[msg.sender] += _amount;     totalDebt += _amount;      IERC20(token).safeTransfer(_to, _amount); }  /**  * @notice an address that has balance in the vault can offset an address's debt  * @param _amount debt amount to offset  * @param _target borrower's address  */  function offsetDebt(uint256 _amount, address _target)     external     override     returns (uint256 _attributions) {     require(         attributions[msg.sender] &gt; 0 &amp;&amp;             underlyingValue(msg.sender) &gt;= _amount,         ""ERROR_REPAY_DEBT_BADCONDITOONS""     );     _attributions = (_amount * totalAttributions) / valueAll();     attributions[msg.sender] -= _attributions;     totalAttributions -= _attributions;     balance -= _amount;     debts[_target] -= _amount;     totalDebt -= _amount; }  /**  * @notice a registerd market can transfer their debt to system debt  * @param _amount debt amount to transfer  * @dev will be called when CDS could not afford when resume the market.  */ function transferDebt(uint256 _amount) external onlyMarket override {      if(_amount != 0){         debts[msg.sender] -= _amount;         debts[address(0)] += _amount;     } }  /**  * @notice anyone can repay the system debt by sending tokens to this contract  * @param _amount debt amount to repay  * @param _target borrower's address  */ function repayDebt(uint256 _amount, address _target) external override {     uint256 _debt = debts[_target];     if (_debt &gt;= _amount) {         debts[_target] -= _amount;         totalDebt -= _amount;         IERC20(token).safeTransferFrom(msg.sender, address(this), _amount);     } else {         debts[_target] = 0;         totalDebt -= _debt;         IERC20(token).safeTransferFrom(msg.sender, address(this), _debt);     } }  /**  * @notice an address that has balance in the vault can withdraw value denominated in attribution  * @param _attribution amount of attribution to burn  * @param _to beneficiary's address  * @return _retVal number of tokens withdrawn from the transaction  */ function withdrawAttribution(uint256 _attribution, address _to)     external     override     returns (uint256 _retVal) {     _retVal = _withdrawAttribution(_attribution, _to); }  /**  * @notice an address that has balance in the vault can withdraw all value  * @param _to beneficiary's address  * @return _retVal number of tokens withdrawn from the transaction  */ function withdrawAllAttribution(address _to)     external     override     returns (uint256 _retVal) {     _retVal = _withdrawAttribution(attributions[msg.sender], _to); }  /**  * @notice an address that has balance in the vault can withdraw all value  * @param _attribution amount of attribution to burn  * @param _to beneficiary's address  * @return _retVal number of tokens withdrawn from the transaction  */ function _withdrawAttribution(uint256 _attribution, address _to)     internal     returns (uint256 _retVal) {     require(         attributions[msg.sender] &gt;= _attribution,         ""ERROR_WITHDRAW-ATTRIBUTION_BADCONDITOONS""     );     _retVal = (_attribution * valueAll()) / totalAttributions;      attributions[msg.sender] -= _attribution;     totalAttributions -= _attribution;      if (available() &lt; _retVal) {         uint256 _shortage = _retVal - available();         _unutilize(_shortage);     }      balance -= _retVal;     IERC20(token).safeTransfer(_to, _retVal); }  /**  * @notice an address that has balance in the vault can transfer value denominated in attribution  * @param _amount amount of attribution to transfer  * @param _destination reciepient of attribution  */ function transferAttribution(uint256 _amount, address _destination)     external     override {     require(_destination != address(0), ""ERROR_ZERO_ADDRESS"");      require(         _amount != 0 &amp;&amp; attributions[msg.sender] &gt;= _amount,         ""ERROR_TRANSFER-ATTRIBUTION_BADCONDITOONS""     );      attributions[msg.sender] -= _amount;     attributions[_destination] += _amount; }  /**  * @notice the controller can utilize all available stored funds  * @return _amount amount of tokens utilized  */ function utilize() external override returns (uint256 _amount) {     if (keeper != address(0)) {         require(msg.sender == keeper, ""ERROR_NOT_KEEPER"");     }     _amount = available(); //balance     if (_amount &gt; 0) {         IERC20(token).safeTransfer(address(controller), _amount);         balance -= _amount;         controller.earn(address(token), _amount);     } }  /**  * @notice get attribution number for the specified address  * @param _target target address  * @return amount of attritbution  */  function attributionOf(address _target)     external     view     override     returns (uint256) {     return attributions[_target]; }  /**  * @notice get all attribution number for this contract  * @return amount of all attribution  */ function attributionAll() external view returns (uint256) {     return totalAttributions; }  /**  * @notice Convert attribution number into underlying assset value  * @param _attribution amount of attribution  * @return token value of input attribution  */ function attributionValue(uint256 _attribution)     external     view     override     returns (uint256) {     if (totalAttributions &gt; 0 &amp;&amp; _attribution &gt; 0) {         return (_attribution * valueAll()) / totalAttributions;     } else {         return 0;     } }  /**  * @notice return underlying value of the specified address  * @param _target target address  * @return token value of target address  */ function underlyingValue(address _target)     public     view     override     returns (uint256) {     if (attributions[_target] &gt; 0) {         return (valueAll() * attributions[_target]) / totalAttributions;     } else {         return 0;     } }  /**  * @notice return underlying value of this contract  * @return all token value of the vault  */ function valueAll() public view returns (uint256) {     if (address(controller) != address(0)) {         return balance + controller.valueAll();     } else {         return balance;     } }  /**  * @notice internal function to unutilize the funds and keep utilization rate  * @param _amount amount to withdraw from controller  */ function _unutilize(uint256 _amount) internal {     require(address(controller) != address(0), ""ERROR_CONTROLLER_NOT_SET"");      controller.withdraw(address(this), _amount);     balance += _amount; }  /**  * @notice return how much funds in this contract is available to be utilized  * @return available balance to utilize  */ function available() public view returns (uint256) {     return balance - totalDebt; }  /**  * @notice return how much price for each attribution  * @return value of one share of attribution  */ function getPricePerFullShare() public view returns (uint256) {     return (valueAll() * MAGIC_SCALE_1E6) / totalAttributions; }  /**  * onlyOwner  */  /**  * @notice withdraw redundant token stored in this contract  * @param _token token address  * @param _to beneficiary's address  */ function withdrawRedundant(address _token, address _to)     external     override     onlyOwner {     if (         _token == address(token) &amp;&amp;         balance &lt; IERC20(token).balanceOf(address(this))     ) {         uint256 _redundant = IERC20(token).balanceOf(address(this)) -             balance;         IERC20(token).safeTransfer(_to, _redundant);     } else if (IERC20(_token).balanceOf(address(this)) &gt; 0) {         IERC20(_token).safeTransfer(             _to,             IERC20(_token).balanceOf(address(this))         );     } }  /**  * @notice admin function to set controller address  * @param _controller address of the controller  */ function setController(address _controller) public override onlyOwner {     require(_controller != address(0), ""ERROR_ZERO_ADDRESS"");      if (address(controller) != address(0)) {         controller.migrate(address(_controller));         controller = IController(_controller);     } else {         controller = IController(_controller);     }      emit ControllerSet(_controller); }  /**  * @notice the controller can utilize all available stored funds  * @param _keeper keeper address  */ function setKeeper(address _keeper) external override onlyOwner {     if (keeper != _keeper) {         keeper = _keeper;     } }  } |
| **need_reflect** | False |
| **assistant_role_name** | Security Analyst |
| **user_role_name** | Solidity Programming Expert |
| **phase_prompt** | Given the user's task and the brainstorming ideas provided: Task: ""Identify all potential DoS (Denial of Service) vulnerabilities in the provided Solidity smart contract."". Ideas: ""DoS vulnerabilities can manifest in various forms in Solidity contracts, such as Gas Limit DoS, External Call DoS, Block Gas Limit DoS, and State Dependency DoS."". As the {assistant_role}, your primary objective is to conduct a comprehensive inspection of the provided contract code, with a particular focus on identifying vulnerabilities related to Denial of Service (DoS). DoS vulnerabilities can occur in the following cases: 1. When loops have an unbounded iteration count, leading to potential gas exhaustion. 2. When the contract makes external calls that can fail or consume excessive gas. 3. When the contract depends on certain state conditions that can be manipulated by an attacker to cause failures. 4. When an attacker can send high-gas transactions to consume most of the block's gas limit, making it difficult for other transactions to be included in the block. Please conduct a thorough analysis, considering the following information: 1. Review the contract's code logic to identify any potential areas where unbounded loops might cause gas exhaustion. 2. Examine external calls in the contract and ensure they are handled properly to avoid excessive gas consumption or failures. 3. Analyze state-dependent logic to identify any potential manipulations that could cause DoS. 4. Consider the overall design of the contract to ensure it is resilient against high-gas transactions and other DoS tactics. If you identify any DoS vulnerabilities, respond with: "" DoS Vulnerability Identified."" For each vulnerability identified, use the following format: VULNERABILITY NAME or TYPE ''' DETAILED DESCRIPTION of the vulnerability, along with recommended mitigation measures or fixes that do not require code upgrades. ''' If you don't find any vulnerabilities, respond only with: "" No DoS Vulnerabilities."" |
| **phase_name** | DoSDetector |
| **assistant_role_prompt** | {chatdev_prompt} You are Security Analyst. Now, we are both working at ChatDev and share a common interest in collaborating to successfully execute a marketing strategy for a new customer. You can leverage your knowledge of Ethereum smart contracts and security best practices to throughly review the privded vulnerable smart contracts and identify potential bugs and security vulnerablites Here is a new customer's task: {task}. To complete the task,  you must write a response that appropriately solves the requested instruction based on your expertise and customer's needs. |
| **user_role_prompt** | {chatdev_prompt} You are Solidity Programming Expert. Now, we are both working at ChatDev and share a common interest in collaborating to successfully execute a marketing strategy for a new customer. You can analyze the code structure, logic, and implementation details of the contracts. You have extensive computing and coding experience in Solidity programming language. Here is a new customer's task: {task}. To complete the task,  you must write a response that appropriately solves the requested instruction based on your expertise and customer's needs. |
| **chat_turn_limit** | 1 |
| **placeholders** | {'cycle_num': 1, 'modification_conclusion': '', 'cycle_index': 1, 'task': 'pragma solidity 0.8.7;\n\n/\n * @author InsureDAO\n * @title InsureDAO vault contract\n * @notice\n * SPDX-License-Identifier: GPL-3.0\n */\nimport ""@openzeppelin/contracts/token/ERC20/IERC20.sol"";\nimport ""@openzeppelin/contracts/token/ERC20/utils/SafeERC20.sol"";\n\nimport ""./interfaces/IOwnership.sol"";\nimport ""./interfaces/IVault.sol"";\n\nimport ""./interfaces/IController.sol"";\nimport ""./interfaces/IRegistry.sol"";\n\ncontract Vault is IVault {\n    using SafeERC20 for IERC20;\n\n    /\n     * Storage\n     /\n\n    address public override token;\n    IController public controller;\n    IRegistry public registry;\n    IOwnership public ownership;\n\n    mapping(address =&gt; uint256) public override debts;\n    mapping(address =&gt; uint256) public attributions;\n    uint256 public totalAttributions;\n\n    address public keeper; //keeper can operate utilize(), if address zero, anyone can operate.\n    uint256 public balance; //balance of underlying token\n    uint256 public totalDebt; //total debt balance. 1debt:1token\n\n    uint256 public constant MAGIC_SCALE_1E6 = 1e6; //internal multiplication scale 1e6 to reduce decimal truncation\n\n\n\n    event ControllerSet(address controller);\n\n    modifier onlyOwner() {\n        require(\n            ownership.owner() == msg.sender,\n            ""Restricted: caller is not allowed to operate""\n        );\n        ;\n    }\n\n    modifier onlyMarket() {\n        require(\n            IRegistry(registry).isListed(msg.sender),\n            ""ERROR_ONLY_MARKET""\n        );\n        ;\n    }\n\n    constructor(\n        address _token,\n        address _registry,\n        address _controller,\n        address _ownership\n    ) {\n        require(_token != address(0));\n        require(_registry != address(0));\n        require(_ownership != address(0));\n        //controller can be zero\n\n        token = _token;\n        registry = IRegistry(_registry);\n        controller = IController(_controller);\n        ownership = IOwnership(_ownership);\n    }\n\n    /\n     * Vault Functions\n     /\n\n    /\n     * @notice A market contract can deposit collateral and get attribution point in return\n     * @param  _amount amount of tokens to deposit\n     * @param _from sender\'s address\n     * @param _beneficiaries beneficiary\'s address array\n     * @param _shares funds share within beneficiaries (100% = 1e6)\n     * @return _allocations attribution amount generated from the transaction\n     */\n    function addValueBatch(\n        uint256 _amount,\n        address _from,\n        address[2] memory _beneficiaries,\n        uint256[2] memory _shares\n    ) external override onlyMarket returns (uint256[2] memory _allocations) {\n        \n        require(_shares[0] + _shares[1] == 1000000, ""ERROR_INCORRECT_SHARE"");\n\n        uint256 _attributions;\n        if (totalAttributions == 0) {\n            _attributions = _amount;\n        } else {\n            uint256 _pool = valueAll();\n            _attributions = (_amount * totalAttributions) / _pool;\n        }\n        IERC20(token).safeTransferFrom(_from, address(this), _amount);\n\n        balance += _amount;\n        totalAttributions += _attributions;\n        for (uint128 i = 0; i &lt; 2; i++) {\n            uint256 _allocation = (_shares[i] * _attributions) / MAGIC_SCALE_1E6;\n            attributions[_beneficiaries[i]] += _allocation;\n            _allocations[i] = _allocation;\n        }\n    }\n\n    /\n     * @notice A market contract can deposit collateral and get attribution point in return\n     * @param  _amount amount of tokens to deposit\n     * @param _from sender\'s address\n     * @param _beneficiary beneficiary\'s address\n     * @return _attributions attribution amount generated from the transaction\n     /\n\n    function addValue(\n        uint256 _amount,\n        address _from,\n        address _beneficiary\n    ) external override onlyMarket returns (uint256 _attributions) {\n\n        if (totalAttributions == 0) {\n            _attributions = _amount;\n        } else {\n            uint256 _pool = valueAll();\n            _attributions = (_amount * totalAttributions) / _pool;\n        }\n        IERC20(token).safeTransferFrom(_from, address(this), _amount);\n        balance += _amount;\n        totalAttributions += _attributions;\n        attributions[_beneficiary] += _attributions;\n    }\n\n    /\n     * @notice an address that has balance in the vault can withdraw underlying value\n     * @param _amount amount of tokens to withdraw\n     * @param _to address to get underlying tokens\n     * @return _attributions amount of attributions burnet\n     /\n    function withdrawValue(uint256 _amount, address _to)\n        external\n        override\n        returns (uint256 _attributions)\n    {\n        require(\n            attributions[msg.sender] &gt; 0 &amp;&amp;\n                underlyingValue(msg.sender) &gt;= _amount,\n            ""ERROR_WITHDRAW-VALUE_BADCONDITOONS""\n        );\n        _attributions = (totalAttributions * _amount) / valueAll();\n\n        attributions[msg.sender] -= _attributions;\n        totalAttributions -= _attributions;\n\n        if (available() &lt; _amount) {\n            //when USDC in this contract isn\'t enough\n            uint256 _shortage = _amount - available();\n            _unutilize(_shortage);\n\n            assert(available() &gt;= _amount);\n        }\n\n        balance -= _amount;\n        IERC20(token).safeTransfer(_to, _amount);\n    }\n\n    /\n     * @notice an address that has balance in the vault can transfer underlying value\n     * @param _amount sender of value\n     * @param _destination reciepient of value\n     */\n\n    function transferValue(uint256 _amount, address _destination)\n        external\n        override\n        returns (uint256 _attributions)\n    {\n        require(\n            attributions[msg.sender] &gt; 0 &amp;&amp;\n                underlyingValue(msg.sender) &gt;= _amount,\n            ""ERROR_TRANSFER-VALUE_BADCONDITOONS""\n        );\n        _attributions = (_amount * totalAttributions) / valueAll();\n        attributions[msg.sender] -= _attributions;\n        attributions[_destination] += _attributions;\n    }\n\n    /\n     * @notice a registered contract can borrow balance from the vault\n     * @param _amount borrow amount\n     * @param _to borrower\'s address\n     /\n    function borrowValue(uint256 _amount, address _to) external onlyMarket override {\n        debts[msg.sender] += _amount;\n        totalDebt += _amount;\n\n        IERC20(token).safeTransfer(_to, _amount);\n    }\n\n    /\n     * @notice an address that has balance in the vault can offset an address\'s debt\n     * @param _amount debt amount to offset\n     * @param _target borrower\'s address\n     /\n\n    function offsetDebt(uint256 _amount, address _target)\n        external\n        override\n        returns (uint256 _attributions)\n    {\n        require(\n            attributions[msg.sender] &gt; 0 &amp;&amp;\n                underlyingValue(msg.sender) &gt;= _amount,\n            ""ERROR_REPAY_DEBT_BADCONDITOONS""\n        );\n        _attributions = (_amount * totalAttributions) / valueAll();\n        attributions[msg.sender] -= _attributions;\n        totalAttributions -= _attributions;\n        balance -= _amount;\n        debts[_target] -= _amount;\n        totalDebt -= _amount;\n    }\n\n    /\n     * @notice a registerd market can transfer their debt to system debt\n     * @param _amount debt amount to transfer\n     * @dev will be called when CDS could not afford when resume the market.\n     */\n    function transferDebt(uint256 _amount) external onlyMarket override {\n\n        if(_amount != 0){\n            debts[msg.sender] -= _amount;\n            debts[address(0)] += _amount;\n        }\n    }\n\n    /\n     * @notice anyone can repay the system debt by sending tokens to this contract\n     * @param _amount debt amount to repay\n     * @param _target borrower\'s address\n     /\n    function repayDebt(uint256 _amount, address _target) external override {\n        uint256 _debt = debts[_target];\n        if (_debt &gt;= _amount) {\n            debts[_target] -= _amount;\n            totalDebt -= _amount;\n            IERC20(token).safeTransferFrom(msg.sender, address(this), _amount);\n        } else {\n            debts[_target] = 0;\n            totalDebt -= _debt;\n            IERC20(token).safeTransferFrom(msg.sender, address(this), _debt);\n        }\n    }\n\n    /\n     * @notice an address that has balance in the vault can withdraw value denominated in attribution\n     * @param _attribution amount of attribution to burn\n     * @param _to beneficiary\'s address\n     * @return _retVal number of tokens withdrawn from the transaction\n     /\n    function withdrawAttribution(uint256 _attribution, address _to)\n        external\n        override\n        returns (uint256 _retVal)\n    {\n        _retVal = _withdrawAttribution(_attribution, _to);\n    }\n\n    /\n     * @notice an address that has balance in the vault can withdraw all value\n     * @param _to beneficiary\'s address\n     * @return _retVal number of tokens withdrawn from the transaction\n     */\n    function withdrawAllAttribution(address _to)\n        external\n        override\n        returns (uint256 _retVal)\n    {\n        _retVal = _withdrawAttribution(attributions[msg.sender], _to);\n    }\n\n    /\n     * @notice an address that has balance in the vault can withdraw all value\n     * @param _attribution amount of attribution to burn\n     * @param _to beneficiary\'s address\n     * @return _retVal number of tokens withdrawn from the transaction\n     /\n    function _withdrawAttribution(uint256 _attribution, address _to)\n        internal\n        returns (uint256 _retVal)\n    {\n        require(\n            attributions[msg.sender] &gt;= _attribution,\n            ""ERROR_WITHDRAW-ATTRIBUTION_BADCONDITOONS""\n        );\n        _retVal = (_attribution * valueAll()) / totalAttributions;\n\n        attributions[msg.sender] -= _attribution;\n        totalAttributions -= _attribution;\n\n        if (available() &lt; _retVal) {\n            uint256 _shortage = _retVal - available();\n            _unutilize(_shortage);\n        }\n\n        balance -= _retVal;\n        IERC20(token).safeTransfer(_to, _retVal);\n    }\n\n    /\n     * @notice an address that has balance in the vault can transfer value denominated in attribution\n     * @param _amount amount of attribution to transfer\n     * @param _destination reciepient of attribution\n     /\n    function transferAttribution(uint256 _amount, address _destination)\n        external\n        override\n    {\n        require(_destination != address(0), ""ERROR_ZERO_ADDRESS"");\n\n        require(\n            _amount != 0 &amp;&amp; attributions[msg.sender] &gt;= _amount,\n            ""ERROR_TRANSFER-ATTRIBUTION_BADCONDITOONS""\n        );\n\n        attributions[msg.sender] -= _amount;\n        attributions[_destination] += _amount;\n    }\n\n    /\n     * @notice the controller can utilize all available stored funds\n     * @return _amount amount of tokens utilized\n     */\n    function utilize() external override returns (uint256 _amount) {\n        if (keeper != address(0)) {\n            require(msg.sender == keeper, ""ERROR_NOT_KEEPER"");\n        }\n        _amount = available(); //balance\n        if (_amount &gt; 0) {\n            IERC20(token).safeTransfer(address(controller), _amount);\n            balance -= _amount;\n            controller.earn(address(token), _amount);\n        }\n    }\n\n    /\n     * @notice get attribution number for the specified address\n     * @param _target target address\n     * @return amount of attritbution\n     /\n\n    function attributionOf(address _target)\n        external\n        view\n        override\n        returns (uint256)\n    {\n        return attributions[_target];\n    }\n\n    /\n     * @notice get all attribution number for this contract\n     * @return amount of all attribution\n     /\n    function attributionAll() external view returns (uint256) {\n        return totalAttributions;\n    }\n\n    /\n     * @notice Convert attribution number into underlying assset value\n     * @param _attribution amount of attribution\n     * @return token value of input attribution\n     */\n    function attributionValue(uint256 _attribution)\n        external\n        view\n        override\n        returns (uint256)\n    {\n        if (totalAttributions &gt; 0 &amp;&amp; _attribution &gt; 0) {\n            return (_attribution * valueAll()) / totalAttributions;\n        } else {\n            return 0;\n        }\n    }\n\n    /\n     * @notice return underlying value of the specified address\n     * @param _target target address\n     * @return token value of target address\n     /\n    function underlyingValue(address _target)\n        public\n        view\n        override\n        returns (uint256)\n    {\n        if (attributions[_target] &gt; 0) {\n            return (valueAll() * attributions[_target]) / totalAttributions;\n        } else {\n            return 0;\n        }\n    }\n\n    /\n     * @notice return underlying value of this contract\n     * @return all token value of the vault\n     /\n    function valueAll() public view returns (uint256) {\n        if (address(controller) != address(0)) {\n            return balance + controller.valueAll();\n        } else {\n            return balance;\n        }\n    }\n\n    /\n     * @notice internal function to unutilize the funds and keep utilization rate\n     * @param _amount amount to withdraw from controller\n     */\n    function _unutilize(uint256 _amount) internal {\n        require(address(controller) != address(0), ""ERROR_CONTROLLER_NOT_SET"");\n\n        controller.withdraw(address(this), _amount);\n        balance += _amount;\n    }\n\n    /\n     * @notice return how much funds in this contract is available to be utilized\n     * @return available balance to utilize\n     /\n    function available() public view returns (uint256) {\n        return balance - totalDebt;\n    }\n\n    /\n     * @notice return how much price for each attribution\n     * @return value of one share of attribution\n     /\n    function getPricePerFullShare() public view returns (uint256) {\n        return (valueAll() * MAGIC_SCALE_1E6) / totalAttributions;\n    }\n\n    /\n     * onlyOwner\n     */\n\n    /\n     * @notice withdraw redundant token stored in this contract\n     * @param _token token address\n     * @param _to beneficiary\'s address\n     /\n    function withdrawRedundant(address _token, address _to)\n        external\n        override\n        onlyOwner\n    {\n        if (\n            _token == address(token) &amp;&amp;\n            balance &lt; IERC20(token).balanceOf(address(this))\n        ) {\n            uint256 _redundant = IERC20(token).balanceOf(address(this)) -\n                balance;\n            IERC20(token).safeTransfer(_to, _redundant);\n        } else if (IERC20(_token).balanceOf(address(this)) &gt; 0) {\n            IERC20(_token).safeTransfer(\n                _to,\n                IERC20(_token).balanceOf(address(this))\n            );\n        }\n    }\n\n    /\n     * @notice admin function to set controller address\n     * @param _controller address of the controller\n     /\n    function setController(address _controller) public override onlyOwner {\n        require(_controller != address(0), ""ERROR_ZERO_ADDRESS"");\n\n        if (address(controller) != address(0)) {\n            controller.migrate(address(_controller));\n            controller = IController(_controller);\n        } else {\n            controller = IController(_controller);\n        }\n\n        emit ControllerSet(_controller);\n    }\n\n    /\n     * @notice the controller can utilize all available stored funds\n     * @param _keeper keeper address\n     */\n    function setKeeper(address _keeper) external override onlyOwner {\n        if (keeper != _keeper) {\n            keeper = _keeper;\n        }\n    }\n}\n', 'ideas': ' Lack of Input Validation Identified.\n\nVULNERABILITY NAME: Zero Address Validation\n\'\'\'\nIn the setKeeper function, there is a lack of validation for the new keeper address. If the new keeper address is set to the zero address (address(0)), it could lead to unintended behavior, as the keeper would effectively be disabled. This could allow anyone to call the utilize function without restriction if the keeper is set to zero. \n\nRecommended Mitigation/Fix: \nAdd a check to ensure that the new keeper address is not the zero address before assigning it. For example:\nsolidity\nrequire(_keeper != address(0), ""ERROR_ZERO_ADDRESS"");\n\n\'\'\'\n\nVULNERABILITY NAME: Insufficient Validation on Debt Transfer\n\'\'\'\nIn the transferDebt function, there is no validation to check if the debt being transferred is greater than the current debt of the sender. If a market attempts to transfer more debt than it possesses, it will lead to negative debt values, which can cause inconsistencies in the contract\'s state.\n\nRecommended Mitigation/Fix: \nAdd a validation check to ensure that the amount being transferred does not exceed the sender\'s current debt:\nsolidity\nrequire(debts[msg.sender] &gt;= _amount, ""ERROR_INSUFFICIENT_DEBT"");\n\n\'\'\'\n\nVULNERABILITY NAME: Lack of Validation on Shares in addValueBatch\n\'\'\'\nIn the addValueBatch function, while there is a check to ensure that the sum of shares equals 1,000,000, there is no validation to ensure that the individual share values are not negative. If a negative share value is passed, it could lead to unexpected behavior in the allocation of attributions.\n\nRecommended Mitigation/Fix: \nAdd checks to ensure that both _shares[0] and _shares[1] are non-negative:\nsolidity\nrequire(_shares[0] &gt;= 0 &amp;&amp; _shares[1] &gt;= 0, ""ERROR_NEGATIVE_SHARE"");\n\n\'\'\'\n\nVULNERABILITY NAME: Lack of Validation on Amounts in Withdraw Functions\n\'\'\'\nIn the withdrawValue, withdrawAttribution, and offsetDebt functions, there is no validation to ensure that the amount being withdrawn or offset is greater than zero. This could allow users to attempt to withdraw or offset a zero amount, which may not be the intended behavior.\n\nRecommended Mitigation/Fix:** \nAdd checks to ensure that the amounts being withdrawn or offset are greater than zero:\nsolidity\nrequire(_amount &gt; 0, ""ERROR_ZERO_AMOUNT"");\n\n\'\'\''} |
| **memory** | No existed memory |
| **model_type** | ModelType.GPT_4_O_MINI |

[2024-10-08 11:58:01 INFO] System: **[RolePlaying]**

| Parameter | Value |
| --- | --- |
| **assistant_role_name** | Security Analyst |
| **user_role_name** | Solidity Programming Expert |
| **assistant_role_prompt** | {chatdev_prompt} You are Security Analyst. Now, we are both working at ChatDev and share a common interest in collaborating to successfully execute a marketing strategy for a new customer. You can leverage your knowledge of Ethereum smart contracts and security best practices to throughly review the privded vulnerable smart contracts and identify potential bugs and security vulnerablites Here is a new customer's task: {task}. To complete the task,  you must write a response that appropriately solves the requested instruction based on your expertise and customer's needs. |
| **user_role_prompt** | {chatdev_prompt} You are Solidity Programming Expert. Now, we are both working at ChatDev and share a common interest in collaborating to successfully execute a marketing strategy for a new customer. You can analyze the code structure, logic, and implementation details of the contracts. You have extensive computing and coding experience in Solidity programming language. Here is a new customer's task: {task}. To complete the task,  you must write a response that appropriately solves the requested instruction based on your expertise and customer's needs. |
| **task_prompt** | pragma solidity 0.8.7; /*  * @author InsureDAO  * @title InsureDAO vault contract  * @notice  * SPDX-License-Identifier: GPL-3.0  / import ""@openzeppelin/contracts/token/ERC20/IERC20.sol""; import ""@openzeppelin/contracts/token/ERC20/utils/SafeERC20.sol""; import ""./interfaces/IOwnership.sol""; import ""./interfaces/IVault.sol""; import ""./interfaces/IController.sol""; import ""./interfaces/IRegistry.sol""; contract Vault is IVault {     using SafeERC20 for IERC20; /**  * Storage  */  address public override token; IController public controller; IRegistry public registry; IOwnership public ownership;  mapping(address =&gt; uint256) public override debts; mapping(address =&gt; uint256) public attributions; uint256 public totalAttributions;  address public keeper; //keeper can operate utilize(), if address zero, anyone can operate. uint256 public balance; //balance of underlying token uint256 public totalDebt; //total debt balance. 1debt:1token  uint256 public constant MAGIC_SCALE_1E6 = 1e6; //internal multiplication scale 1e6 to reduce decimal truncation    event ControllerSet(address controller);  modifier onlyOwner() {     require(         ownership.owner() == msg.sender,         ""Restricted: caller is not allowed to operate""     );     _; }  modifier onlyMarket() {     require(         IRegistry(registry).isListed(msg.sender),         ""ERROR_ONLY_MARKET""     );     _; }  constructor(     address _token,     address _registry,     address _controller,     address _ownership ) {     require(_token != address(0));     require(_registry != address(0));     require(_ownership != address(0));     //controller can be zero      token = _token;     registry = IRegistry(_registry);     controller = IController(_controller);     ownership = IOwnership(_ownership); }  /**  * Vault Functions  */  /**  * @notice A market contract can deposit collateral and get attribution point in return  * @param  _amount amount of tokens to deposit  * @param _from sender's address  * @param _beneficiaries beneficiary's address array  * @param _shares funds share within beneficiaries (100% = 1e6)  * @return _allocations attribution amount generated from the transaction  */ function addValueBatch(     uint256 _amount,     address _from,     address[2] memory _beneficiaries,     uint256[2] memory _shares ) external override onlyMarket returns (uint256[2] memory _allocations) {      require(_shares[0] + _shares[1] == 1000000, ""ERROR_INCORRECT_SHARE"");      uint256 _attributions;     if (totalAttributions == 0) {         _attributions = _amount;     } else {         uint256 _pool = valueAll();         _attributions = (_amount * totalAttributions) / _pool;     }     IERC20(token).safeTransferFrom(_from, address(this), _amount);      balance += _amount;     totalAttributions += _attributions;     for (uint128 i = 0; i &lt; 2; i++) {         uint256 _allocation = (_shares[i] * _attributions) / MAGIC_SCALE_1E6;         attributions[_beneficiaries[i]] += _allocation;         _allocations[i] = _allocation;     } }  /**  * @notice A market contract can deposit collateral and get attribution point in return  * @param  _amount amount of tokens to deposit  * @param _from sender's address  * @param _beneficiary beneficiary's address  * @return _attributions attribution amount generated from the transaction  */  function addValue(     uint256 _amount,     address _from,     address _beneficiary ) external override onlyMarket returns (uint256 _attributions) {      if (totalAttributions == 0) {         _attributions = _amount;     } else {         uint256 _pool = valueAll();         _attributions = (_amount * totalAttributions) / _pool;     }     IERC20(token).safeTransferFrom(_from, address(this), _amount);     balance += _amount;     totalAttributions += _attributions;     attributions[_beneficiary] += _attributions; }  /**  * @notice an address that has balance in the vault can withdraw underlying value  * @param _amount amount of tokens to withdraw  * @param _to address to get underlying tokens  * @return _attributions amount of attributions burnet  */ function withdrawValue(uint256 _amount, address _to)     external     override     returns (uint256 _attributions) {     require(         attributions[msg.sender] &gt; 0 &amp;&amp;             underlyingValue(msg.sender) &gt;= _amount,         ""ERROR_WITHDRAW-VALUE_BADCONDITOONS""     );     _attributions = (totalAttributions * _amount) / valueAll();      attributions[msg.sender] -= _attributions;     totalAttributions -= _attributions;      if (available() &lt; _amount) {         //when USDC in this contract isn't enough         uint256 _shortage = _amount - available();         _unutilize(_shortage);          assert(available() &gt;= _amount);     }      balance -= _amount;     IERC20(token).safeTransfer(_to, _amount); }  /**  * @notice an address that has balance in the vault can transfer underlying value  * @param _amount sender of value  * @param _destination reciepient of value  */  function transferValue(uint256 _amount, address _destination)     external     override     returns (uint256 _attributions) {     require(         attributions[msg.sender] &gt; 0 &amp;&amp;             underlyingValue(msg.sender) &gt;= _amount,         ""ERROR_TRANSFER-VALUE_BADCONDITOONS""     );     _attributions = (_amount * totalAttributions) / valueAll();     attributions[msg.sender] -= _attributions;     attributions[_destination] += _attributions; }  /**  * @notice a registered contract can borrow balance from the vault  * @param _amount borrow amount  * @param _to borrower's address  */ function borrowValue(uint256 _amount, address _to) external onlyMarket override {     debts[msg.sender] += _amount;     totalDebt += _amount;      IERC20(token).safeTransfer(_to, _amount); }  /**  * @notice an address that has balance in the vault can offset an address's debt  * @param _amount debt amount to offset  * @param _target borrower's address  */  function offsetDebt(uint256 _amount, address _target)     external     override     returns (uint256 _attributions) {     require(         attributions[msg.sender] &gt; 0 &amp;&amp;             underlyingValue(msg.sender) &gt;= _amount,         ""ERROR_REPAY_DEBT_BADCONDITOONS""     );     _attributions = (_amount * totalAttributions) / valueAll();     attributions[msg.sender] -= _attributions;     totalAttributions -= _attributions;     balance -= _amount;     debts[_target] -= _amount;     totalDebt -= _amount; }  /**  * @notice a registerd market can transfer their debt to system debt  * @param _amount debt amount to transfer  * @dev will be called when CDS could not afford when resume the market.  */ function transferDebt(uint256 _amount) external onlyMarket override {      if(_amount != 0){         debts[msg.sender] -= _amount;         debts[address(0)] += _amount;     } }  /**  * @notice anyone can repay the system debt by sending tokens to this contract  * @param _amount debt amount to repay  * @param _target borrower's address  */ function repayDebt(uint256 _amount, address _target) external override {     uint256 _debt = debts[_target];     if (_debt &gt;= _amount) {         debts[_target] -= _amount;         totalDebt -= _amount;         IERC20(token).safeTransferFrom(msg.sender, address(this), _amount);     } else {         debts[_target] = 0;         totalDebt -= _debt;         IERC20(token).safeTransferFrom(msg.sender, address(this), _debt);     } }  /**  * @notice an address that has balance in the vault can withdraw value denominated in attribution  * @param _attribution amount of attribution to burn  * @param _to beneficiary's address  * @return _retVal number of tokens withdrawn from the transaction  */ function withdrawAttribution(uint256 _attribution, address _to)     external     override     returns (uint256 _retVal) {     _retVal = _withdrawAttribution(_attribution, _to); }  /**  * @notice an address that has balance in the vault can withdraw all value  * @param _to beneficiary's address  * @return _retVal number of tokens withdrawn from the transaction  */ function withdrawAllAttribution(address _to)     external     override     returns (uint256 _retVal) {     _retVal = _withdrawAttribution(attributions[msg.sender], _to); }  /**  * @notice an address that has balance in the vault can withdraw all value  * @param _attribution amount of attribution to burn  * @param _to beneficiary's address  * @return _retVal number of tokens withdrawn from the transaction  */ function _withdrawAttribution(uint256 _attribution, address _to)     internal     returns (uint256 _retVal) {     require(         attributions[msg.sender] &gt;= _attribution,         ""ERROR_WITHDRAW-ATTRIBUTION_BADCONDITOONS""     );     _retVal = (_attribution * valueAll()) / totalAttributions;      attributions[msg.sender] -= _attribution;     totalAttributions -= _attribution;      if (available() &lt; _retVal) {         uint256 _shortage = _retVal - available();         _unutilize(_shortage);     }      balance -= _retVal;     IERC20(token).safeTransfer(_to, _retVal); }  /**  * @notice an address that has balance in the vault can transfer value denominated in attribution  * @param _amount amount of attribution to transfer  * @param _destination reciepient of attribution  */ function transferAttribution(uint256 _amount, address _destination)     external     override {     require(_destination != address(0), ""ERROR_ZERO_ADDRESS"");      require(         _amount != 0 &amp;&amp; attributions[msg.sender] &gt;= _amount,         ""ERROR_TRANSFER-ATTRIBUTION_BADCONDITOONS""     );      attributions[msg.sender] -= _amount;     attributions[_destination] += _amount; }  /**  * @notice the controller can utilize all available stored funds  * @return _amount amount of tokens utilized  */ function utilize() external override returns (uint256 _amount) {     if (keeper != address(0)) {         require(msg.sender == keeper, ""ERROR_NOT_KEEPER"");     }     _amount = available(); //balance     if (_amount &gt; 0) {         IERC20(token).safeTransfer(address(controller), _amount);         balance -= _amount;         controller.earn(address(token), _amount);     } }  /**  * @notice get attribution number for the specified address  * @param _target target address  * @return amount of attritbution  */  function attributionOf(address _target)     external     view     override     returns (uint256) {     return attributions[_target]; }  /**  * @notice get all attribution number for this contract  * @return amount of all attribution  */ function attributionAll() external view returns (uint256) {     return totalAttributions; }  /**  * @notice Convert attribution number into underlying assset value  * @param _attribution amount of attribution  * @return token value of input attribution  */ function attributionValue(uint256 _attribution)     external     view     override     returns (uint256) {     if (totalAttributions &gt; 0 &amp;&amp; _attribution &gt; 0) {         return (_attribution * valueAll()) / totalAttributions;     } else {         return 0;     } }  /**  * @notice return underlying value of the specified address  * @param _target target address  * @return token value of target address  */ function underlyingValue(address _target)     public     view     override     returns (uint256) {     if (attributions[_target] &gt; 0) {         return (valueAll() * attributions[_target]) / totalAttributions;     } else {         return 0;     } }  /**  * @notice return underlying value of this contract  * @return all token value of the vault  */ function valueAll() public view returns (uint256) {     if (address(controller) != address(0)) {         return balance + controller.valueAll();     } else {         return balance;     } }  /**  * @notice internal function to unutilize the funds and keep utilization rate  * @param _amount amount to withdraw from controller  */ function _unutilize(uint256 _amount) internal {     require(address(controller) != address(0), ""ERROR_CONTROLLER_NOT_SET"");      controller.withdraw(address(this), _amount);     balance += _amount; }  /**  * @notice return how much funds in this contract is available to be utilized  * @return available balance to utilize  */ function available() public view returns (uint256) {     return balance - totalDebt; }  /**  * @notice return how much price for each attribution  * @return value of one share of attribution  */ function getPricePerFullShare() public view returns (uint256) {     return (valueAll() * MAGIC_SCALE_1E6) / totalAttributions; }  /**  * onlyOwner  */  /**  * @notice withdraw redundant token stored in this contract  * @param _token token address  * @param _to beneficiary's address  */ function withdrawRedundant(address _token, address _to)     external     override     onlyOwner {     if (         _token == address(token) &amp;&amp;         balance &lt; IERC20(token).balanceOf(address(this))     ) {         uint256 _redundant = IERC20(token).balanceOf(address(this)) -             balance;         IERC20(token).safeTransfer(_to, _redundant);     } else if (IERC20(_token).balanceOf(address(this)) &gt; 0) {         IERC20(_token).safeTransfer(             _to,             IERC20(_token).balanceOf(address(this))         );     } }  /**  * @notice admin function to set controller address  * @param _controller address of the controller  */ function setController(address _controller) public override onlyOwner {     require(_controller != address(0), ""ERROR_ZERO_ADDRESS"");      if (address(controller) != address(0)) {         controller.migrate(address(_controller));         controller = IController(_controller);     } else {         controller = IController(_controller);     }      emit ControllerSet(_controller); }  /**  * @notice the controller can utilize all available stored funds  * @param _keeper keeper address  */ function setKeeper(address _keeper) external override onlyOwner {     if (keeper != _keeper) {         keeper = _keeper;     } }  } |
| **with_task_specify** | False |
| **memory** | No existed memory |
| **model_type** | ModelType.GPT_4_O_MINI |
| **background_prompt** | We are a specialized team that audits Solidity smart contracts using an advanced multi-agent system. Our approach combines the expertise of project management, smart contract counseling, auditing, and Solidity programming to deliver comprehensive and reliable contract assessments. |

[2024-10-08 11:58:01 INFO] Solidity Programming Expert: **[Start Chat]**

[We are a specialized team that audits Solidity smart contracts using an advanced multi-agent system. Our approach combines the expertise of project management, smart contract counseling, auditing, and Solidity programming to deliver comprehensive and reliable contract assessments.
You are Security Analyst. Now, we are both working at ChatDev and share a common interest in collaborating to successfully execute a marketing strategy for a new customer.
You can leverage your knowledge of Ethereum smart contracts and security best practices to throughly review the privded vulnerable smart contracts and identify potential bugs and security vulnerablites
Here is a new customer's task: pragma solidity 0.8.7;

/**
 * @author InsureDAO
 * @title InsureDAO vault contract
 * @notice
 * SPDX-License-Identifier: GPL-3.0
 */
import ""@openzeppelin/contracts/token/ERC20/IERC20.sol"";
import ""@openzeppelin/contracts/token/ERC20/utils/SafeERC20.sol"";

import ""./interfaces/IOwnership.sol"";
import ""./interfaces/IVault.sol"";

import ""./interfaces/IController.sol"";
import ""./interfaces/IRegistry.sol"";

contract Vault is IVault {
    using SafeERC20 for IERC20;

    /**
     * Storage
     */

    address public override token;
    IController public controller;
    IRegistry public registry;
    IOwnership public ownership;

    mapping(address => uint256) public override debts;
    mapping(address => uint256) public attributions;
    uint256 public totalAttributions;

    address public keeper; //keeper can operate utilize(), if address zero, anyone can operate.
    uint256 public balance; //balance of underlying token
    uint256 public totalDebt; //total debt balance. 1debt:1token

    uint256 public constant MAGIC_SCALE_1E6 = 1e6; //internal multiplication scale 1e6 to reduce decimal truncation



    event ControllerSet(address controller);

    modifier onlyOwner() {
        require(
            ownership.owner() == msg.sender,
            ""Restricted: caller is not allowed to operate""
        );
        _;
    }

    modifier onlyMarket() {
        require(
            IRegistry(registry).isListed(msg.sender),
            ""ERROR_ONLY_MARKET""
        );
        _;
    }

    constructor(
        address _token,
        address _registry,
        address _controller,
        address _ownership
    ) {
        require(_token != address(0));
        require(_registry != address(0));
        require(_ownership != address(0));
        //controller can be zero

        token = _token;
        registry = IRegistry(_registry);
        controller = IController(_controller);
        ownership = IOwnership(_ownership);
    }

    /**
     * Vault Functions
     */

    /**
     * @notice A market contract can deposit collateral and get attribution point in return
     * @param  _amount amount of tokens to deposit
     * @param _from sender's address
     * @param _beneficiaries beneficiary's address array
     * @param _shares funds share within beneficiaries (100% = 1e6)
     * @return _allocations attribution amount generated from the transaction
     */
    function addValueBatch(
        uint256 _amount,
        address _from,
        address[2] memory _beneficiaries,
        uint256[2] memory _shares
    ) external override onlyMarket returns (uint256[2] memory _allocations) {
        
        require(_shares[0] + _shares[1] == 1000000, ""ERROR_INCORRECT_SHARE"");

        uint256 _attributions;
        if (totalAttributions == 0) {
            _attributions = _amount;
        } else {
            uint256 _pool = valueAll();
            _attributions = (_amount * totalAttributions) / _pool;
        }
        IERC20(token).safeTransferFrom(_from, address(this), _amount);

        balance += _amount;
        totalAttributions += _attributions;
        for (uint128 i = 0; i < 2; i++) {
            uint256 _allocation = (_shares[i] * _attributions) / MAGIC_SCALE_1E6;
            attributions[_beneficiaries[i]] += _allocation;
            _allocations[i] = _allocation;
        }
    }

    /**
     * @notice A market contract can deposit collateral and get attribution point in return
     * @param  _amount amount of tokens to deposit
     * @param _from sender's address
     * @param _beneficiary beneficiary's address
     * @return _attributions attribution amount generated from the transaction
     */

    function addValue(
        uint256 _amount,
        address _from,
        address _beneficiary
    ) external override onlyMarket returns (uint256 _attributions) {

        if (totalAttributions == 0) {
            _attributions = _amount;
        } else {
            uint256 _pool = valueAll();
            _attributions = (_amount * totalAttributions) / _pool;
        }
        IERC20(token).safeTransferFrom(_from, address(this), _amount);
        balance += _amount;
        totalAttributions += _attributions;
        attributions[_beneficiary] += _attributions;
    }

    /**
     * @notice an address that has balance in the vault can withdraw underlying value
     * @param _amount amount of tokens to withdraw
     * @param _to address to get underlying tokens
     * @return _attributions amount of attributions burnet
     */
    function withdrawValue(uint256 _amount, address _to)
        external
        override
        returns (uint256 _attributions)
    {
        require(
            attributions[msg.sender] > 0 &&
                underlyingValue(msg.sender) >= _amount,
            ""ERROR_WITHDRAW-VALUE_BADCONDITOONS""
        );
        _attributions = (totalAttributions * _amount) / valueAll();

        attributions[msg.sender] -= _attributions;
        totalAttributions -= _attributions;

        if (available() < _amount) {
            //when USDC in this contract isn't enough
            uint256 _shortage = _amount - available();
            _unutilize(_shortage);

            assert(available() >= _amount);
        }

        balance -= _amount;
        IERC20(token).safeTransfer(_to, _amount);
    }

    /**
     * @notice an address that has balance in the vault can transfer underlying value
     * @param _amount sender of value
     * @param _destination reciepient of value
     */

    function transferValue(uint256 _amount, address _destination)
        external
        override
        returns (uint256 _attributions)
    {
        require(
            attributions[msg.sender] > 0 &&
                underlyingValue(msg.sender) >= _amount,
            ""ERROR_TRANSFER-VALUE_BADCONDITOONS""
        );
        _attributions = (_amount * totalAttributions) / valueAll();
        attributions[msg.sender] -= _attributions;
        attributions[_destination] += _attributions;
    }

    /**
     * @notice a registered contract can borrow balance from the vault
     * @param _amount borrow amount
     * @param _to borrower's address
     */
    function borrowValue(uint256 _amount, address _to) external onlyMarket override {
        debts[msg.sender] += _amount;
        totalDebt += _amount;

        IERC20(token).safeTransfer(_to, _amount);
    }

    /**
     * @notice an address that has balance in the vault can offset an address's debt
     * @param _amount debt amount to offset
     * @param _target borrower's address
     */

    function offsetDebt(uint256 _amount, address _target)
        external
        override
        returns (uint256 _attributions)
    {
        require(
            attributions[msg.sender] > 0 &&
                underlyingValue(msg.sender) >= _amount,
            ""ERROR_REPAY_DEBT_BADCONDITOONS""
        );
        _attributions = (_amount * totalAttributions) / valueAll();
        attributions[msg.sender] -= _attributions;
        totalAttributions -= _attributions;
        balance -= _amount;
        debts[_target] -= _amount;
        totalDebt -= _amount;
    }

    /**
     * @notice a registerd market can transfer their debt to system debt
     * @param _amount debt amount to transfer
     * @dev will be called when CDS could not afford when resume the market.
     */
    function transferDebt(uint256 _amount) external onlyMarket override {

        if(_amount != 0){
            debts[msg.sender] -= _amount;
            debts[address(0)] += _amount;
        }
    }

    /**
     * @notice anyone can repay the system debt by sending tokens to this contract
     * @param _amount debt amount to repay
     * @param _target borrower's address
     */
    function repayDebt(uint256 _amount, address _target) external override {
        uint256 _debt = debts[_target];
        if (_debt >= _amount) {
            debts[_target] -= _amount;
            totalDebt -= _amount;
            IERC20(token).safeTransferFrom(msg.sender, address(this), _amount);
        } else {
            debts[_target] = 0;
            totalDebt -= _debt;
            IERC20(token).safeTransferFrom(msg.sender, address(this), _debt);
        }
    }

    /**
     * @notice an address that has balance in the vault can withdraw value denominated in attribution
     * @param _attribution amount of attribution to burn
     * @param _to beneficiary's address
     * @return _retVal number of tokens withdrawn from the transaction
     */
    function withdrawAttribution(uint256 _attribution, address _to)
        external
        override
        returns (uint256 _retVal)
    {
        _retVal = _withdrawAttribution(_attribution, _to);
    }

    /**
     * @notice an address that has balance in the vault can withdraw all value
     * @param _to beneficiary's address
     * @return _retVal number of tokens withdrawn from the transaction
     */
    function withdrawAllAttribution(address _to)
        external
        override
        returns (uint256 _retVal)
    {
        _retVal = _withdrawAttribution(attributions[msg.sender], _to);
    }

    /**
     * @notice an address that has balance in the vault can withdraw all value
     * @param _attribution amount of attribution to burn
     * @param _to beneficiary's address
     * @return _retVal number of tokens withdrawn from the transaction
     */
    function _withdrawAttribution(uint256 _attribution, address _to)
        internal
        returns (uint256 _retVal)
    {
        require(
            attributions[msg.sender] >= _attribution,
            ""ERROR_WITHDRAW-ATTRIBUTION_BADCONDITOONS""
        );
        _retVal = (_attribution * valueAll()) / totalAttributions;

        attributions[msg.sender] -= _attribution;
        totalAttributions -= _attribution;

        if (available() < _retVal) {
            uint256 _shortage = _retVal - available();
            _unutilize(_shortage);
        }

        balance -= _retVal;
        IERC20(token).safeTransfer(_to, _retVal);
    }

    /**
     * @notice an address that has balance in the vault can transfer value denominated in attribution
     * @param _amount amount of attribution to transfer
     * @param _destination reciepient of attribution
     */
    function transferAttribution(uint256 _amount, address _destination)
        external
        override
    {
        require(_destination != address(0), ""ERROR_ZERO_ADDRESS"");

        require(
            _amount != 0 && attributions[msg.sender] >= _amount,
            ""ERROR_TRANSFER-ATTRIBUTION_BADCONDITOONS""
        );

        attributions[msg.sender] -= _amount;
        attributions[_destination] += _amount;
    }

    /**
     * @notice the controller can utilize all available stored funds
     * @return _amount amount of tokens utilized
     */
    function utilize() external override returns (uint256 _amount) {
        if (keeper != address(0)) {
            require(msg.sender == keeper, ""ERROR_NOT_KEEPER"");
        }
        _amount = available(); //balance
        if (_amount > 0) {
            IERC20(token).safeTransfer(address(controller), _amount);
            balance -= _amount;
            controller.earn(address(token), _amount);
        }
    }

    /**
     * @notice get attribution number for the specified address
     * @param _target target address
     * @return amount of attritbution
     */

    function attributionOf(address _target)
        external
        view
        override
        returns (uint256)
    {
        return attributions[_target];
    }

    /**
     * @notice get all attribution number for this contract
     * @return amount of all attribution
     */
    function attributionAll() external view returns (uint256) {
        return totalAttributions;
    }

    /**
     * @notice Convert attribution number into underlying assset value
     * @param _attribution amount of attribution
     * @return token value of input attribution
     */
    function attributionValue(uint256 _attribution)
        external
        view
        override
        returns (uint256)
    {
        if (totalAttributions > 0 && _attribution > 0) {
            return (_attribution * valueAll()) / totalAttributions;
        } else {
            return 0;
        }
    }

    /**
     * @notice return underlying value of the specified address
     * @param _target target address
     * @return token value of target address
     */
    function underlyingValue(address _target)
        public
        view
        override
        returns (uint256)
    {
        if (attributions[_target] > 0) {
            return (valueAll() * attributions[_target]) / totalAttributions;
        } else {
            return 0;
        }
    }

    /**
     * @notice return underlying value of this contract
     * @return all token value of the vault
     */
    function valueAll() public view returns (uint256) {
        if (address(controller) != address(0)) {
            return balance + controller.valueAll();
        } else {
            return balance;
        }
    }

    /**
     * @notice internal function to unutilize the funds and keep utilization rate
     * @param _amount amount to withdraw from controller
     */
    function _unutilize(uint256 _amount) internal {
        require(address(controller) != address(0), ""ERROR_CONTROLLER_NOT_SET"");

        controller.withdraw(address(this), _amount);
        balance += _amount;
    }

    /**
     * @notice return how much funds in this contract is available to be utilized
     * @return available balance to utilize
     */
    function available() public view returns (uint256) {
        return balance - totalDebt;
    }

    /**
     * @notice return how much price for each attribution
     * @return value of one share of attribution
     */
    function getPricePerFullShare() public view returns (uint256) {
        return (valueAll() * MAGIC_SCALE_1E6) / totalAttributions;
    }

    /**
     * onlyOwner
     */

    /**
     * @notice withdraw redundant token stored in this contract
     * @param _token token address
     * @param _to beneficiary's address
     */
    function withdrawRedundant(address _token, address _to)
        external
        override
        onlyOwner
    {
        if (
            _token == address(token) &&
            balance < IERC20(token).balanceOf(address(this))
        ) {
            uint256 _redundant = IERC20(token).balanceOf(address(this)) -
                balance;
            IERC20(token).safeTransfer(_to, _redundant);
        } else if (IERC20(_token).balanceOf(address(this)) > 0) {
            IERC20(_token).safeTransfer(
                _to,
                IERC20(_token).balanceOf(address(this))
            );
        }
    }

    /**
     * @notice admin function to set controller address
     * @param _controller address of the controller
     */
    function setController(address _controller) public override onlyOwner {
        require(_controller != address(0), ""ERROR_ZERO_ADDRESS"");

        if (address(controller) != address(0)) {
            controller.migrate(address(_controller));
            controller = IController(_controller);
        } else {
            controller = IController(_controller);
        }

        emit ControllerSet(_controller);
    }

    /**
     * @notice the controller can utilize all available stored funds
     * @param _keeper keeper address
     */
    function setKeeper(address _keeper) external override onlyOwner {
        if (keeper != _keeper) {
            keeper = _keeper;
        }
    }
}
.
To complete the task,  you must write a response that appropriately solves the requested instruction based on your expertise and customer's needs.]

Given the user's task and the brainstorming ideas provided:
Task: ""Identify all potential DoS (Denial of Service) vulnerabilities in the provided Solidity smart contract."".
Ideas: ""DoS vulnerabilities can manifest in various forms in Solidity contracts, such as Gas Limit DoS, External Call DoS, Block Gas Limit DoS, and State Dependency DoS."".
As the Security Analyst, your primary objective is to conduct a comprehensive inspection of the provided contract code, with a particular focus on identifying vulnerabilities related to Denial of Service (DoS). DoS vulnerabilities can occur in the following cases:
1. When loops have an unbounded iteration count, leading to potential gas exhaustion.
2. When the contract makes external calls that can fail or consume excessive gas.
3. When the contract depends on certain state conditions that can be manipulated by an attacker to cause failures.
4. When an attacker can send high-gas transactions to consume most of the block's gas limit, making it difficult for other transactions to be included in the block.
Please conduct a thorough analysis, considering the following information:
1. Review the contract's code logic to identify any potential areas where unbounded loops might cause gas exhaustion.
2. Examine external calls in the contract and ensure they are handled properly to avoid excessive gas consumption or failures.
3. Analyze state-dependent logic to identify any potential manipulations that could cause DoS.
4. Consider the overall design of the contract to ensure it is resilient against high-gas transactions and other DoS tactics.
If you identify any DoS vulnerabilities, respond with: ""","<INFO> DoS Vulnerability Identified.

**1. Unbounded Loop DoS**
'''
In the `addValueBatch` function, there is a loop that iterates over a fixed-size array of beneficiaries (2 in this case). While the loop itself is bounded, if the number of beneficiaries were to increase in future iterations or if the function were modified to accept a dynamic array, it could lead to gas exhaustion if the number of beneficiaries is large. This could be exploited by an attacker to prevent the function from executing successfully.

**Mitigation Measures:**
- Ensure that any future modifications to the function maintain a bounded iteration count.
- If dynamic arrays are to be used, implement checks to limit the maximum number of beneficiaries to a reasonable number to prevent excessive gas consumption.
'''

**2. External Call DoS**
'''
In the `withdrawValue` and `_withdrawAttribution` functions, the contract makes external calls to transfer tokens using `safeTransfer`. If the recipient contract is malicious or fails for any reason, it could cause the transaction to revert, leading to a Denial of Service for the user trying to withdraw their tokens.

**Mitigation Measures:**
- Implement a withdrawal pattern where the contract first updates the state (e.g., reducing balances) and then performs the external call. This way, even if the external call fails, the state is already updated, and the user can retry the withdrawal.
- Consider using a pull-over-push mechanism where users can claim their tokens instead of the contract pushing tokens to them.
'''

**3. State Dependency DoS**
'''
In the `withdrawValue` function, the ability to withdraw is dependent on the `underlyingValue(msg.sender)` and `attributions[msg.sender]`. If an attacker manipulates their state such that they have a high attribution but no underlying value, they could potentially cause the function to revert, leading to a Denial of Service for themselves or others.

**Mitigation Measures:**
- Implement checks to ensure that users cannot manipulate their state in a way that would allow them to call functions that should not succeed based on their current state.
- Consider adding a mechanism to limit the amount of attributions that can be withdrawn in a single transaction to prevent abuse.
'''

**4. Block Gas Limit DoS**
'''
The `utilize` function allows the keeper to transfer all available funds to the controller. If the available balance is large, this could lead to a situation where the transaction consumes a significant amount of gas, potentially hitting the block gas limit. An attacker could exploit this by manipulating the available balance to force transactions to fail.

**Mitigation Measures:**
- Implement a cap on the maximum amount that can be utilized in a single transaction to prevent excessive gas consumption.
- Consider breaking down large transfers into smaller chunks that can be processed in multiple transactions, ensuring that they stay well within the gas limits.
'''

[2024-10-08 11:58:09 INFO] **[Post Info]**

Software Info: 

💰**cost**=$0.000000

🔨**version_updates**=1.0

📃**num_code_files**=0

🏞**num_png_files**=0

📚**num_doc_files**=5

📃**code_lines**=0

📋**env_lines**=-1

📒**manual_lines**=-1

🗣**num_utterances**=86

🤔**num_self_reflections**=1

❓**num_prompt_tokens**=314536

❗**num_completion_tokens**=6480

🌟**num_total_tokens**=321016

🕑**duration**=167.00s

ChatDev Starts (20240810115522)

ChatDev Ends (20240810115809)


"
,,,,,,,,,,,,,,,,,,,,,"<INFO> Redundant Conditional Check Identified.
```
REDUNDANT CONDITIONAL CHECK
'''
In the `withdrawValue` function, the condition `available() < _amount` is checked after the assertion `assert(available() >= _amount)`. The assert statement guarantees that `available()` is greater than or equal to `_amount`, making the subsequent conditional check redundant. This adds unnecessary complexity and gas costs to the execution of the function.

To mitigate this issue, the check for `available() < _amount` can be removed, as it is already ensured by the assert statement. The function can proceed directly to the logic that handles the withdrawal.
'''
```

",,,,,,,,,,,,,,,,,,,
,,,,,,,,,,,,,,,,,,,,,"<INFO> Redundant Conditional Check Identified.
```
REDUNDANT CONDITIONAL CHECK
'''
In the `transferDebt` function, the condition `if(_amount != 0)` is checked before performing the debt transfer. However, since the function is called with a specific `_amount` parameter, it is possible that the caller may pass a zero value intentionally. This check does not add any value to the function's logic and can be considered redundant.

To mitigate this issue, the check can be removed entirely, allowing the function to proceed with the debt transfer regardless of whether `_amount` is zero or not. This will simplify the code and reduce unnecessary checks.
'''
```

[2024-10-08 11:57:05 INFO] **[Execute Detail]**

execute SimplePhase:[OracleDependencyDetector] in ComposedPhase:[CodeReview], cycle 1

[2024-10-08 11:57:05 INFO] System: **[chatting]**

| Parameter | Value |
| --- | --- |
| **task_prompt** | pragma solidity 0.8.7; /*  * @author InsureDAO  * @title InsureDAO vault contract  * @notice  * SPDX-License-Identifier: GPL-3.0  / import ""@openzeppelin/contracts/token/ERC20/IERC20.sol""; import ""@openzeppelin/contracts/token/ERC20/utils/SafeERC20.sol""; import ""./interfaces/IOwnership.sol""; import ""./interfaces/IVault.sol""; import ""./interfaces/IController.sol""; import ""./interfaces/IRegistry.sol""; contract Vault is IVault {     using SafeERC20 for IERC20; /**  * Storage  */  address public override token; IController public controller; IRegistry public registry; IOwnership public ownership;  mapping(address =&gt; uint256) public override debts; mapping(address =&gt; uint256) public attributions; uint256 public totalAttributions;  address public keeper; //keeper can operate utilize(), if address zero, anyone can operate. uint256 public balance; //balance of underlying token uint256 public totalDebt; //total debt balance. 1debt:1token  uint256 public constant MAGIC_SCALE_1E6 = 1e6; //internal multiplication scale 1e6 to reduce decimal truncation    event ControllerSet(address controller);  modifier onlyOwner() {     require(         ownership.owner() == msg.sender,         ""Restricted: caller is not allowed to operate""     );     _; }  modifier onlyMarket() {     require(         IRegistry(registry).isListed(msg.sender),         ""ERROR_ONLY_MARKET""     );     _; }  constructor(     address _token,     address _registry,     address _controller,     address _ownership ) {     require(_token != address(0));     require(_registry != address(0));     require(_ownership != address(0));     //controller can be zero      token = _token;     registry = IRegistry(_registry);     controller = IController(_controller);     ownership = IOwnership(_ownership); }  /**  * Vault Functions  */  /**  * @notice A market contract can deposit collateral and get attribution point in return  * @param  _amount amount of tokens to deposit  * @param _from sender's address  * @param _beneficiaries beneficiary's address array  * @param _shares funds share within beneficiaries (100% = 1e6)  * @return _allocations attribution amount generated from the transaction  */ function addValueBatch(     uint256 _amount,     address _from,     address[2] memory _beneficiaries,     uint256[2] memory _shares ) external override onlyMarket returns (uint256[2] memory _allocations) {      require(_shares[0] + _shares[1] == 1000000, ""ERROR_INCORRECT_SHARE"");      uint256 _attributions;     if (totalAttributions == 0) {         _attributions = _amount;     } else {         uint256 _pool = valueAll();         _attributions = (_amount * totalAttributions) / _pool;     }     IERC20(token).safeTransferFrom(_from, address(this), _amount);      balance += _amount;     totalAttributions += _attributions;     for (uint128 i = 0; i &lt; 2; i++) {         uint256 _allocation = (_shares[i] * _attributions) / MAGIC_SCALE_1E6;         attributions[_beneficiaries[i]] += _allocation;         _allocations[i] = _allocation;     } }  /**  * @notice A market contract can deposit collateral and get attribution point in return  * @param  _amount amount of tokens to deposit  * @param _from sender's address  * @param _beneficiary beneficiary's address  * @return _attributions attribution amount generated from the transaction  */  function addValue(     uint256 _amount,     address _from,     address _beneficiary ) external override onlyMarket returns (uint256 _attributions) {      if (totalAttributions == 0) {         _attributions = _amount;     } else {         uint256 _pool = valueAll();         _attributions = (_amount * totalAttributions) / _pool;     }     IERC20(token).safeTransferFrom(_from, address(this), _amount);     balance += _amount;     totalAttributions += _attributions;     attributions[_beneficiary] += _attributions; }  /**  * @notice an address that has balance in the vault can withdraw underlying value  * @param _amount amount of tokens to withdraw  * @param _to address to get underlying tokens  * @return _attributions amount of attributions burnet  */ function withdrawValue(uint256 _amount, address _to)     external     override     returns (uint256 _attributions) {     require(         attributions[msg.sender] &gt; 0 &amp;&amp;             underlyingValue(msg.sender) &gt;= _amount,         ""ERROR_WITHDRAW-VALUE_BADCONDITOONS""     );     _attributions = (totalAttributions * _amount) / valueAll();      attributions[msg.sender] -= _attributions;     totalAttributions -= _attributions;      if (available() &lt; _amount) {         //when USDC in this contract isn't enough         uint256 _shortage = _amount - available();         _unutilize(_shortage);          assert(available() &gt;= _amount);     }      balance -= _amount;     IERC20(token).safeTransfer(_to, _amount); }  /**  * @notice an address that has balance in the vault can transfer underlying value  * @param _amount sender of value  * @param _destination reciepient of value  */  function transferValue(uint256 _amount, address _destination)     external     override     returns (uint256 _attributions) {     require(         attributions[msg.sender] &gt; 0 &amp;&amp;             underlyingValue(msg.sender) &gt;= _amount,         ""ERROR_TRANSFER-VALUE_BADCONDITOONS""     );     _attributions = (_amount * totalAttributions) / valueAll();     attributions[msg.sender] -= _attributions;     attributions[_destination] += _attributions; }  /**  * @notice a registered contract can borrow balance from the vault  * @param _amount borrow amount  * @param _to borrower's address  */ function borrowValue(uint256 _amount, address _to) external onlyMarket override {     debts[msg.sender] += _amount;     totalDebt += _amount;      IERC20(token).safeTransfer(_to, _amount); }  /**  * @notice an address that has balance in the vault can offset an address's debt  * @param _amount debt amount to offset  * @param _target borrower's address  */  function offsetDebt(uint256 _amount, address _target)     external     override     returns (uint256 _attributions) {     require(         attributions[msg.sender] &gt; 0 &amp;&amp;             underlyingValue(msg.sender) &gt;= _amount,         ""ERROR_REPAY_DEBT_BADCONDITOONS""     );     _attributions = (_amount * totalAttributions) / valueAll();     attributions[msg.sender] -= _attributions;     totalAttributions -= _attributions;     balance -= _amount;     debts[_target] -= _amount;     totalDebt -= _amount; }  /**  * @notice a registerd market can transfer their debt to system debt  * @param _amount debt amount to transfer  * @dev will be called when CDS could not afford when resume the market.  */ function transferDebt(uint256 _amount) external onlyMarket override {      if(_amount != 0){         debts[msg.sender] -= _amount;         debts[address(0)] += _amount;     } }  /**  * @notice anyone can repay the system debt by sending tokens to this contract  * @param _amount debt amount to repay  * @param _target borrower's address  */ function repayDebt(uint256 _amount, address _target) external override {     uint256 _debt = debts[_target];     if (_debt &gt;= _amount) {         debts[_target] -= _amount;         totalDebt -= _amount;         IERC20(token).safeTransferFrom(msg.sender, address(this), _amount);     } else {         debts[_target] = 0;         totalDebt -= _debt;         IERC20(token).safeTransferFrom(msg.sender, address(this), _debt);     } }  /**  * @notice an address that has balance in the vault can withdraw value denominated in attribution  * @param _attribution amount of attribution to burn  * @param _to beneficiary's address  * @return _retVal number of tokens withdrawn from the transaction  */ function withdrawAttribution(uint256 _attribution, address _to)     external     override     returns (uint256 _retVal) {     _retVal = _withdrawAttribution(_attribution, _to); }  /**  * @notice an address that has balance in the vault can withdraw all value  * @param _to beneficiary's address  * @return _retVal number of tokens withdrawn from the transaction  */ function withdrawAllAttribution(address _to)     external     override     returns (uint256 _retVal) {     _retVal = _withdrawAttribution(attributions[msg.sender], _to); }  /**  * @notice an address that has balance in the vault can withdraw all value  * @param _attribution amount of attribution to burn  * @param _to beneficiary's address  * @return _retVal number of tokens withdrawn from the transaction  */ function _withdrawAttribution(uint256 _attribution, address _to)     internal     returns (uint256 _retVal) {     require(         attributions[msg.sender] &gt;= _attribution,         ""ERROR_WITHDRAW-ATTRIBUTION_BADCONDITOONS""     );     _retVal = (_attribution * valueAll()) / totalAttributions;      attributions[msg.sender] -= _attribution;     totalAttributions -= _attribution;      if (available() &lt; _retVal) {         uint256 _shortage = _retVal - available();         _unutilize(_shortage);     }      balance -= _retVal;     IERC20(token).safeTransfer(_to, _retVal); }  /**  * @notice an address that has balance in the vault can transfer value denominated in attribution  * @param _amount amount of attribution to transfer  * @param _destination reciepient of attribution  */ function transferAttribution(uint256 _amount, address _destination)     external     override {     require(_destination != address(0), ""ERROR_ZERO_ADDRESS"");      require(         _amount != 0 &amp;&amp; attributions[msg.sender] &gt;= _amount,         ""ERROR_TRANSFER-ATTRIBUTION_BADCONDITOONS""     );      attributions[msg.sender] -= _amount;     attributions[_destination] += _amount; }  /**  * @notice the controller can utilize all available stored funds  * @return _amount amount of tokens utilized  */ function utilize() external override returns (uint256 _amount) {     if (keeper != address(0)) {         require(msg.sender == keeper, ""ERROR_NOT_KEEPER"");     }     _amount = available(); //balance     if (_amount &gt; 0) {         IERC20(token).safeTransfer(address(controller), _amount);         balance -= _amount;         controller.earn(address(token), _amount);     } }  /**  * @notice get attribution number for the specified address  * @param _target target address  * @return amount of attritbution  */  function attributionOf(address _target)     external     view     override     returns (uint256) {     return attributions[_target]; }  /**  * @notice get all attribution number for this contract  * @return amount of all attribution  */ function attributionAll() external view returns (uint256) {     return totalAttributions; }  /**  * @notice Convert attribution number into underlying assset value  * @param _attribution amount of attribution  * @return token value of input attribution  */ function attributionValue(uint256 _attribution)     external     view     override     returns (uint256) {     if (totalAttributions &gt; 0 &amp;&amp; _attribution &gt; 0) {         return (_attribution * valueAll()) / totalAttributions;     } else {         return 0;     } }  /**  * @notice return underlying value of the specified address  * @param _target target address  * @return token value of target address  */ function underlyingValue(address _target)     public     view     override     returns (uint256) {     if (attributions[_target] &gt; 0) {         return (valueAll() * attributions[_target]) / totalAttributions;     } else {         return 0;     } }  /**  * @notice return underlying value of this contract  * @return all token value of the vault  */ function valueAll() public view returns (uint256) {     if (address(controller) != address(0)) {         return balance + controller.valueAll();     } else {         return balance;     } }  /**  * @notice internal function to unutilize the funds and keep utilization rate  * @param _amount amount to withdraw from controller  */ function _unutilize(uint256 _amount) internal {     require(address(controller) != address(0), ""ERROR_CONTROLLER_NOT_SET"");      controller.withdraw(address(this), _amount);     balance += _amount; }  /**  * @notice return how much funds in this contract is available to be utilized  * @return available balance to utilize  */ function available() public view returns (uint256) {     return balance - totalDebt; }  /**  * @notice return how much price for each attribution  * @return value of one share of attribution  */ function getPricePerFullShare() public view returns (uint256) {     return (valueAll() * MAGIC_SCALE_1E6) / totalAttributions; }  /**  * onlyOwner  */  /**  * @notice withdraw redundant token stored in this contract  * @param _token token address  * @param _to beneficiary's address  */ function withdrawRedundant(address _token, address _to)     external     override     onlyOwner {     if (         _token == address(token) &amp;&amp;         balance &lt; IERC20(token).balanceOf(address(this))     ) {         uint256 _redundant = IERC20(token).balanceOf(address(this)) -             balance;         IERC20(token).safeTransfer(_to, _redundant);     } else if (IERC20(_token).balanceOf(address(this)) &gt; 0) {         IERC20(_token).safeTransfer(             _to,             IERC20(_token).balanceOf(address(this))         );     } }  /**  * @notice admin function to set controller address  * @param _controller address of the controller  */ function setController(address _controller) public override onlyOwner {     require(_controller != address(0), ""ERROR_ZERO_ADDRESS"");      if (address(controller) != address(0)) {         controller.migrate(address(_controller));         controller = IController(_controller);     } else {         controller = IController(_controller);     }      emit ControllerSet(_controller); }  /**  * @notice the controller can utilize all available stored funds  * @param _keeper keeper address  */ function setKeeper(address _keeper) external override onlyOwner {     if (keeper != _keeper) {         keeper = _keeper;     } }  } |
| **need_reflect** | False |
| **assistant_role_name** | Security Analyst |
| **user_role_name** | Solidity Programming Expert |
| **phase_prompt** | Given the user's task and the brainstorming ideas provided: Task: ""{task}"". Ideas: ""{ideas}"". As the {assistant_role}, your primary objective is to perform a thorough and detailed inspection of the provided contract code, with a particular focus on identifying vulnerabilities related to External Oracle Dependency. There are two main concerns related to External Oracle Dependency vulnerabilities: 1. Dependence on a single external oracle for critical data, which pertains to the reliability of the data source. If the oracle is compromised, provides incorrect data, or becomes unavailable, the contract's functionalities could be adversely affected. 2. Lack of fallback mechanisms, which can lead to the contract failing if the external oracle call fails or returns invalid data. This could be exploited by adversaries to disrupt the contract's operations. If you identify reliance on a single external oracle for critical data, respond with: "" External Oracle Dependency Identified."" For each vulnerability identified, use the following format: VULNERABILITY NAME or TYPE ''' DETAILED DESCRIPTION of the vulnerability, AND recommended mitigation/fix with no upgrade code ''' If you don't find any vulnerabilities, respond only with: "" NO External Oracle Dependency."" |
| **phase_name** | OracleDependencyDetector |
| **assistant_role_prompt** | {chatdev_prompt} You are Security Analyst. Now, we are both working at ChatDev and share a common interest in collaborating to successfully execute a marketing strategy for a new customer. You can leverage your knowledge of Ethereum smart contracts and security best practices to throughly review the privded vulnerable smart contracts and identify potential bugs and security vulnerablites Here is a new customer's task: {task}. To complete the task,  you must write a response that appropriately solves the requested instruction based on your expertise and customer's needs. |
| **user_role_prompt** | {chatdev_prompt} You are Solidity Programming Expert. Now, we are both working at ChatDev and share a common interest in collaborating to successfully execute a marketing strategy for a new customer. You can analyze the code structure, logic, and implementation details of the contracts. You have extensive computing and coding experience in Solidity programming language. Here is a new customer's task: {task}. To complete the task,  you must write a response that appropriately solves the requested instruction based on your expertise and customer's needs. |
| **chat_turn_limit** | 1 |
| **placeholders** | {'cycle_num': 1, 'modification_conclusion': '', 'cycle_index': 1, 'task': 'pragma solidity 0.8.7;\n\n/\n * @author InsureDAO\n * @title InsureDAO vault contract\n * @notice\n * SPDX-License-Identifier: GPL-3.0\n */\nimport ""@openzeppelin/contracts/token/ERC20/IERC20.sol"";\nimport ""@openzeppelin/contracts/token/ERC20/utils/SafeERC20.sol"";\n\nimport ""./interfaces/IOwnership.sol"";\nimport ""./interfaces/IVault.sol"";\n\nimport ""./interfaces/IController.sol"";\nimport ""./interfaces/IRegistry.sol"";\n\ncontract Vault is IVault {\n    using SafeERC20 for IERC20;\n\n    /\n     * Storage\n     /\n\n    address public override token;\n    IController public controller;\n    IRegistry public registry;\n    IOwnership public ownership;\n\n    mapping(address =&gt; uint256) public override debts;\n    mapping(address =&gt; uint256) public attributions;\n    uint256 public totalAttributions;\n\n    address public keeper; //keeper can operate utilize(), if address zero, anyone can operate.\n    uint256 public balance; //balance of underlying token\n    uint256 public totalDebt; //total debt balance. 1debt:1token\n\n    uint256 public constant MAGIC_SCALE_1E6 = 1e6; //internal multiplication scale 1e6 to reduce decimal truncation\n\n\n\n    event ControllerSet(address controller);\n\n    modifier onlyOwner() {\n        require(\n            ownership.owner() == msg.sender,\n            ""Restricted: caller is not allowed to operate""\n        );\n        ;\n    }\n\n    modifier onlyMarket() {\n        require(\n            IRegistry(registry).isListed(msg.sender),\n            ""ERROR_ONLY_MARKET""\n        );\n        ;\n    }\n\n    constructor(\n        address _token,\n        address _registry,\n        address _controller,\n        address _ownership\n    ) {\n        require(_token != address(0));\n        require(_registry != address(0));\n        require(_ownership != address(0));\n        //controller can be zero\n\n        token = _token;\n        registry = IRegistry(_registry);\n        controller = IController(_controller);\n        ownership = IOwnership(_ownership);\n    }\n\n    /\n     * Vault Functions\n     /\n\n    /\n     * @notice A market contract can deposit collateral and get attribution point in return\n     * @param  _amount amount of tokens to deposit\n     * @param _from sender\'s address\n     * @param _beneficiaries beneficiary\'s address array\n     * @param _shares funds share within beneficiaries (100% = 1e6)\n     * @return _allocations attribution amount generated from the transaction\n     */\n    function addValueBatch(\n        uint256 _amount,\n        address _from,\n        address[2] memory _beneficiaries,\n        uint256[2] memory _shares\n    ) external override onlyMarket returns (uint256[2] memory _allocations) {\n        \n        require(_shares[0] + _shares[1] == 1000000, ""ERROR_INCORRECT_SHARE"");\n\n        uint256 _attributions;\n        if (totalAttributions == 0) {\n            _attributions = _amount;\n        } else {\n            uint256 _pool = valueAll();\n            _attributions = (_amount * totalAttributions) / _pool;\n        }\n        IERC20(token).safeTransferFrom(_from, address(this), _amount);\n\n        balance += _amount;\n        totalAttributions += _attributions;\n        for (uint128 i = 0; i &lt; 2; i++) {\n            uint256 _allocation = (_shares[i] * _attributions) / MAGIC_SCALE_1E6;\n            attributions[_beneficiaries[i]] += _allocation;\n            _allocations[i] = _allocation;\n        }\n    }\n\n    /\n     * @notice A market contract can deposit collateral and get attribution point in return\n     * @param  _amount amount of tokens to deposit\n     * @param _from sender\'s address\n     * @param _beneficiary beneficiary\'s address\n     * @return _attributions attribution amount generated from the transaction\n     /\n\n    function addValue(\n        uint256 _amount,\n        address _from,\n        address _beneficiary\n    ) external override onlyMarket returns (uint256 _attributions) {\n\n        if (totalAttributions == 0) {\n            _attributions = _amount;\n        } else {\n            uint256 _pool = valueAll();\n            _attributions = (_amount * totalAttributions) / _pool;\n        }\n        IERC20(token).safeTransferFrom(_from, address(this), _amount);\n        balance += _amount;\n        totalAttributions += _attributions;\n        attributions[_beneficiary] += _attributions;\n    }\n\n    /\n     * @notice an address that has balance in the vault can withdraw underlying value\n     * @param _amount amount of tokens to withdraw\n     * @param _to address to get underlying tokens\n     * @return _attributions amount of attributions burnet\n     /\n    function withdrawValue(uint256 _amount, address _to)\n        external\n        override\n        returns (uint256 _attributions)\n    {\n        require(\n            attributions[msg.sender] &gt; 0 &amp;&amp;\n                underlyingValue(msg.sender) &gt;= _amount,\n            ""ERROR_WITHDRAW-VALUE_BADCONDITOONS""\n        );\n        _attributions = (totalAttributions * _amount) / valueAll();\n\n        attributions[msg.sender] -= _attributions;\n        totalAttributions -= _attributions;\n\n        if (available() &lt; _amount) {\n            //when USDC in this contract isn\'t enough\n            uint256 _shortage = _amount - available();\n            _unutilize(_shortage);\n\n            assert(available() &gt;= _amount);\n        }\n\n        balance -= _amount;\n        IERC20(token).safeTransfer(_to, _amount);\n    }\n\n    /\n     * @notice an address that has balance in the vault can transfer underlying value\n     * @param _amount sender of value\n     * @param _destination reciepient of value\n     */\n\n    function transferValue(uint256 _amount, address _destination)\n        external\n        override\n        returns (uint256 _attributions)\n    {\n        require(\n            attributions[msg.sender] &gt; 0 &amp;&amp;\n                underlyingValue(msg.sender) &gt;= _amount,\n            ""ERROR_TRANSFER-VALUE_BADCONDITOONS""\n        );\n        _attributions = (_amount * totalAttributions) / valueAll();\n        attributions[msg.sender] -= _attributions;\n        attributions[_destination] += _attributions;\n    }\n\n    /\n     * @notice a registered contract can borrow balance from the vault\n     * @param _amount borrow amount\n     * @param _to borrower\'s address\n     /\n    function borrowValue(uint256 _amount, address _to) external onlyMarket override {\n        debts[msg.sender] += _amount;\n        totalDebt += _amount;\n\n        IERC20(token).safeTransfer(_to, _amount);\n    }\n\n    /\n     * @notice an address that has balance in the vault can offset an address\'s debt\n     * @param _amount debt amount to offset\n     * @param _target borrower\'s address\n     /\n\n    function offsetDebt(uint256 _amount, address _target)\n        external\n        override\n        returns (uint256 _attributions)\n    {\n        require(\n            attributions[msg.sender] &gt; 0 &amp;&amp;\n                underlyingValue(msg.sender) &gt;= _amount,\n            ""ERROR_REPAY_DEBT_BADCONDITOONS""\n        );\n        _attributions = (_amount * totalAttributions) / valueAll();\n        attributions[msg.sender] -= _attributions;\n        totalAttributions -= _attributions;\n        balance -= _amount;\n        debts[_target] -= _amount;\n        totalDebt -= _amount;\n    }\n\n    /\n     * @notice a registerd market can transfer their debt to system debt\n     * @param _amount debt amount to transfer\n     * @dev will be called when CDS could not afford when resume the market.\n     */\n    function transferDebt(uint256 _amount) external onlyMarket override {\n\n        if(_amount != 0){\n            debts[msg.sender] -= _amount;\n            debts[address(0)] += _amount;\n        }\n    }\n\n    /\n     * @notice anyone can repay the system debt by sending tokens to this contract\n     * @param _amount debt amount to repay\n     * @param _target borrower\'s address\n     /\n    function repayDebt(uint256 _amount, address _target) external override {\n        uint256 _debt = debts[_target];\n        if (_debt &gt;= _amount) {\n            debts[_target] -= _amount;\n            totalDebt -= _amount;\n            IERC20(token).safeTransferFrom(msg.sender, address(this), _amount);\n        } else {\n            debts[_target] = 0;\n            totalDebt -= _debt;\n            IERC20(token).safeTransferFrom(msg.sender, address(this), _debt);\n        }\n    }\n\n    /\n     * @notice an address that has balance in the vault can withdraw value denominated in attribution\n     * @param _attribution amount of attribution to burn\n     * @param _to beneficiary\'s address\n     * @return _retVal number of tokens withdrawn from the transaction\n     /\n    function withdrawAttribution(uint256 _attribution, address _to)\n        external\n        override\n        returns (uint256 _retVal)\n    {\n        _retVal = _withdrawAttribution(_attribution, _to);\n    }\n\n    /\n     * @notice an address that has balance in the vault can withdraw all value\n     * @param _to beneficiary\'s address\n     * @return _retVal number of tokens withdrawn from the transaction\n     */\n    function withdrawAllAttribution(address _to)\n        external\n        override\n        returns (uint256 _retVal)\n    {\n        _retVal = _withdrawAttribution(attributions[msg.sender], _to);\n    }\n\n    /\n     * @notice an address that has balance in the vault can withdraw all value\n     * @param _attribution amount of attribution to burn\n     * @param _to beneficiary\'s address\n     * @return _retVal number of tokens withdrawn from the transaction\n     /\n    function _withdrawAttribution(uint256 _attribution, address _to)\n        internal\n        returns (uint256 _retVal)\n    {\n        require(\n            attributions[msg.sender] &gt;= _attribution,\n            ""ERROR_WITHDRAW-ATTRIBUTION_BADCONDITOONS""\n        );\n        _retVal = (_attribution * valueAll()) / totalAttributions;\n\n        attributions[msg.sender] -= _attribution;\n        totalAttributions -= _attribution;\n\n        if (available() &lt; _retVal) {\n            uint256 _shortage = _retVal - available();\n            _unutilize(_shortage);\n        }\n\n        balance -= _retVal;\n        IERC20(token).safeTransfer(_to, _retVal);\n    }\n\n    /\n     * @notice an address that has balance in the vault can transfer value denominated in attribution\n     * @param _amount amount of attribution to transfer\n     * @param _destination reciepient of attribution\n     /\n    function transferAttribution(uint256 _amount, address _destination)\n        external\n        override\n    {\n        require(_destination != address(0), ""ERROR_ZERO_ADDRESS"");\n\n        require(\n            _amount != 0 &amp;&amp; attributions[msg.sender] &gt;= _amount,\n            ""ERROR_TRANSFER-ATTRIBUTION_BADCONDITOONS""\n        );\n\n        attributions[msg.sender] -= _amount;\n        attributions[_destination] += _amount;\n    }\n\n    /\n     * @notice the controller can utilize all available stored funds\n     * @return _amount amount of tokens utilized\n     */\n    function utilize() external override returns (uint256 _amount) {\n        if (keeper != address(0)) {\n            require(msg.sender == keeper, ""ERROR_NOT_KEEPER"");\n        }\n        _amount = available(); //balance\n        if (_amount &gt; 0) {\n            IERC20(token).safeTransfer(address(controller), _amount);\n            balance -= _amount;\n            controller.earn(address(token), _amount);\n        }\n    }\n\n    /\n     * @notice get attribution number for the specified address\n     * @param _target target address\n     * @return amount of attritbution\n     /\n\n    function attributionOf(address _target)\n        external\n        view\n        override\n        returns (uint256)\n    {\n        return attributions[_target];\n    }\n\n    /\n     * @notice get all attribution number for this contract\n     * @return amount of all attribution\n     /\n    function attributionAll() external view returns (uint256) {\n        return totalAttributions;\n    }\n\n    /\n     * @notice Convert attribution number into underlying assset value\n     * @param _attribution amount of attribution\n     * @return token value of input attribution\n     */\n    function attributionValue(uint256 _attribution)\n        external\n        view\n        override\n        returns (uint256)\n    {\n        if (totalAttributions &gt; 0 &amp;&amp; _attribution &gt; 0) {\n            return (_attribution * valueAll()) / totalAttributions;\n        } else {\n            return 0;\n        }\n    }\n\n    /\n     * @notice return underlying value of the specified address\n     * @param _target target address\n     * @return token value of target address\n     /\n    function underlyingValue(address _target)\n        public\n        view\n        override\n        returns (uint256)\n    {\n        if (attributions[_target] &gt; 0) {\n            return (valueAll() * attributions[_target]) / totalAttributions;\n        } else {\n            return 0;\n        }\n    }\n\n    /\n     * @notice return underlying value of this contract\n     * @return all token value of the vault\n     /\n    function valueAll() public view returns (uint256) {\n        if (address(controller) != address(0)) {\n            return balance + controller.valueAll();\n        } else {\n            return balance;\n        }\n    }\n\n    /\n     * @notice internal function to unutilize the funds and keep utilization rate\n     * @param _amount amount to withdraw from controller\n     */\n    function _unutilize(uint256 _amount) internal {\n        require(address(controller) != address(0), ""ERROR_CONTROLLER_NOT_SET"");\n\n        controller.withdraw(address(this), _amount);\n        balance += _amount;\n    }\n\n    /\n     * @notice return how much funds in this contract is available to be utilized\n     * @return available balance to utilize\n     /\n    function available() public view returns (uint256) {\n        return balance - totalDebt;\n    }\n\n    /\n     * @notice return how much price for each attribution\n     * @return value of one share of attribution\n     /\n    function getPricePerFullShare() public view returns (uint256) {\n        return (valueAll() * MAGIC_SCALE_1E6) / totalAttributions;\n    }\n\n    /\n     * onlyOwner\n     */\n\n    /\n     * @notice withdraw redundant token stored in this contract\n     * @param _token token address\n     * @param _to beneficiary\'s address\n     /\n    function withdrawRedundant(address _token, address _to)\n        external\n        override\n        onlyOwner\n    {\n        if (\n            _token == address(token) &amp;&amp;\n            balance &lt; IERC20(token).balanceOf(address(this))\n        ) {\n            uint256 _redundant = IERC20(token).balanceOf(address(this)) -\n                balance;\n            IERC20(token).safeTransfer(_to, _redundant);\n        } else if (IERC20(_token).balanceOf(address(this)) &gt; 0) {\n            IERC20(_token).safeTransfer(\n                _to,\n                IERC20(_token).balanceOf(address(this))\n            );\n        }\n    }\n\n    /\n     * @notice admin function to set controller address\n     * @param _controller address of the controller\n     /\n    function setController(address _controller) public override onlyOwner {\n        require(_controller != address(0), ""ERROR_ZERO_ADDRESS"");\n\n        if (address(controller) != address(0)) {\n            controller.migrate(address(_controller));\n            controller = IController(_controller);\n        } else {\n            controller = IController(_controller);\n        }\n\n        emit ControllerSet(_controller);\n    }\n\n    /*\n     * @notice the controller can utilize all available stored funds\n     * @param _keeper keeper address\n     /\n    function setKeeper(address _keeper) external override onlyOwner {\n        if (keeper != _keeper) {\n            keeper = _keeper;\n        }\n    }\n}\n', 'ideas': "" Redundant Conditional Check Identified.\n\nREDUNDANT CONDITIONAL CHECK\n'''\nIn the `transferDebt` function, the condition `if(_amount != 0)` is checked before performing the debt transfer. However, since the function is called with a specific `_amount` parameter, it is possible that the caller may pass a zero value intentionally. This check does not add any value to the function's logic and can be considered redundant.\n\nTo mitigate this issue, the check can be removed entirely, allowing the function to proceed with the debt transfer regardless of whether `_amount` is zero or not. This will simplify the code and reduce unnecessary checks.\n'''\n""} |
| **memory** | No existed memory |
| **model_type** | ModelType.GPT_4_O_MINI |

[2024-10-08 11:57:05 INFO] System: **[RolePlaying]**

| Parameter | Value |
| --- | --- |
| **assistant_role_name** | Security Analyst |
| **user_role_name** | Solidity Programming Expert |
| **assistant_role_prompt** | {chatdev_prompt} You are Security Analyst. Now, we are both working at ChatDev and share a common interest in collaborating to successfully execute a marketing strategy for a new customer. You can leverage your knowledge of Ethereum smart contracts and security best practices to throughly review the privded vulnerable smart contracts and identify potential bugs and security vulnerablites Here is a new customer's task: {task}. To complete the task,  you must write a response that appropriately solves the requested instruction based on your expertise and customer's needs. |
| **user_role_prompt** | {chatdev_prompt} You are Solidity Programming Expert. Now, we are both working at ChatDev and share a common interest in collaborating to successfully execute a marketing strategy for a new customer. You can analyze the code structure, logic, and implementation details of the contracts. You have extensive computing and coding experience in Solidity programming language. Here is a new customer's task: {task}. To complete the task,  you must write a response that appropriately solves the requested instruction based on your expertise and customer's needs. |
| **task_prompt** | pragma solidity 0.8.7; /*  * @author InsureDAO  * @title InsureDAO vault contract  * @notice  * SPDX-License-Identifier: GPL-3.0  / import ""@openzeppelin/contracts/token/ERC20/IERC20.sol""; import ""@openzeppelin/contracts/token/ERC20/utils/SafeERC20.sol""; import ""./interfaces/IOwnership.sol""; import ""./interfaces/IVault.sol""; import ""./interfaces/IController.sol""; import ""./interfaces/IRegistry.sol""; contract Vault is IVault {     using SafeERC20 for IERC20; /**  * Storage  */  address public override token; IController public controller; IRegistry public registry; IOwnership public ownership;  mapping(address =&gt; uint256) public override debts; mapping(address =&gt; uint256) public attributions; uint256 public totalAttributions;  address public keeper; //keeper can operate utilize(), if address zero, anyone can operate. uint256 public balance; //balance of underlying token uint256 public totalDebt; //total debt balance. 1debt:1token  uint256 public constant MAGIC_SCALE_1E6 = 1e6; //internal multiplication scale 1e6 to reduce decimal truncation    event ControllerSet(address controller);  modifier onlyOwner() {     require(         ownership.owner() == msg.sender,         ""Restricted: caller is not allowed to operate""     );     _; }  modifier onlyMarket() {     require(         IRegistry(registry).isListed(msg.sender),         ""ERROR_ONLY_MARKET""     );     _; }  constructor(     address _token,     address _registry,     address _controller,     address _ownership ) {     require(_token != address(0));     require(_registry != address(0));     require(_ownership != address(0));     //controller can be zero      token = _token;     registry = IRegistry(_registry);     controller = IController(_controller);     ownership = IOwnership(_ownership); }  /**  * Vault Functions  */  /**  * @notice A market contract can deposit collateral and get attribution point in return  * @param  _amount amount of tokens to deposit  * @param _from sender's address  * @param _beneficiaries beneficiary's address array  * @param _shares funds share within beneficiaries (100% = 1e6)  * @return _allocations attribution amount generated from the transaction  */ function addValueBatch(     uint256 _amount,     address _from,     address[2] memory _beneficiaries,     uint256[2] memory _shares ) external override onlyMarket returns (uint256[2] memory _allocations) {      require(_shares[0] + _shares[1] == 1000000, ""ERROR_INCORRECT_SHARE"");      uint256 _attributions;     if (totalAttributions == 0) {         _attributions = _amount;     } else {         uint256 _pool = valueAll();         _attributions = (_amount * totalAttributions) / _pool;     }     IERC20(token).safeTransferFrom(_from, address(this), _amount);      balance += _amount;     totalAttributions += _attributions;     for (uint128 i = 0; i &lt; 2; i++) {         uint256 _allocation = (_shares[i] * _attributions) / MAGIC_SCALE_1E6;         attributions[_beneficiaries[i]] += _allocation;         _allocations[i] = _allocation;     } }  /**  * @notice A market contract can deposit collateral and get attribution point in return  * @param  _amount amount of tokens to deposit  * @param _from sender's address  * @param _beneficiary beneficiary's address  * @return _attributions attribution amount generated from the transaction  */  function addValue(     uint256 _amount,     address _from,     address _beneficiary ) external override onlyMarket returns (uint256 _attributions) {      if (totalAttributions == 0) {         _attributions = _amount;     } else {         uint256 _pool = valueAll();         _attributions = (_amount * totalAttributions) / _pool;     }     IERC20(token).safeTransferFrom(_from, address(this), _amount);     balance += _amount;     totalAttributions += _attributions;     attributions[_beneficiary] += _attributions; }  /**  * @notice an address that has balance in the vault can withdraw underlying value  * @param _amount amount of tokens to withdraw  * @param _to address to get underlying tokens  * @return _attributions amount of attributions burnet  */ function withdrawValue(uint256 _amount, address _to)     external     override     returns (uint256 _attributions) {     require(         attributions[msg.sender] &gt; 0 &amp;&amp;             underlyingValue(msg.sender) &gt;= _amount,         ""ERROR_WITHDRAW-VALUE_BADCONDITOONS""     );     _attributions = (totalAttributions * _amount) / valueAll();      attributions[msg.sender] -= _attributions;     totalAttributions -= _attributions;      if (available() &lt; _amount) {         //when USDC in this contract isn't enough         uint256 _shortage = _amount - available();         _unutilize(_shortage);          assert(available() &gt;= _amount);     }      balance -= _amount;     IERC20(token).safeTransfer(_to, _amount); }  /**  * @notice an address that has balance in the vault can transfer underlying value  * @param _amount sender of value  * @param _destination reciepient of value  */  function transferValue(uint256 _amount, address _destination)     external     override     returns (uint256 _attributions) {     require(         attributions[msg.sender] &gt; 0 &amp;&amp;             underlyingValue(msg.sender) &gt;= _amount,         ""ERROR_TRANSFER-VALUE_BADCONDITOONS""     );     _attributions = (_amount * totalAttributions) / valueAll();     attributions[msg.sender] -= _attributions;     attributions[_destination] += _attributions; }  /**  * @notice a registered contract can borrow balance from the vault  * @param _amount borrow amount  * @param _to borrower's address  */ function borrowValue(uint256 _amount, address _to) external onlyMarket override {     debts[msg.sender] += _amount;     totalDebt += _amount;      IERC20(token).safeTransfer(_to, _amount); }  /**  * @notice an address that has balance in the vault can offset an address's debt  * @param _amount debt amount to offset  * @param _target borrower's address  */  function offsetDebt(uint256 _amount, address _target)     external     override     returns (uint256 _attributions) {     require(         attributions[msg.sender] &gt; 0 &amp;&amp;             underlyingValue(msg.sender) &gt;= _amount,         ""ERROR_REPAY_DEBT_BADCONDITOONS""     );     _attributions = (_amount * totalAttributions) / valueAll();     attributions[msg.sender] -= _attributions;     totalAttributions -= _attributions;     balance -= _amount;     debts[_target] -= _amount;     totalDebt -= _amount; }  /**  * @notice a registerd market can transfer their debt to system debt  * @param _amount debt amount to transfer  * @dev will be called when CDS could not afford when resume the market.  */ function transferDebt(uint256 _amount) external onlyMarket override {      if(_amount != 0){         debts[msg.sender] -= _amount;         debts[address(0)] += _amount;     } }  /**  * @notice anyone can repay the system debt by sending tokens to this contract  * @param _amount debt amount to repay  * @param _target borrower's address  */ function repayDebt(uint256 _amount, address _target) external override {     uint256 _debt = debts[_target];     if (_debt &gt;= _amount) {         debts[_target] -= _amount;         totalDebt -= _amount;         IERC20(token).safeTransferFrom(msg.sender, address(this), _amount);     } else {         debts[_target] = 0;         totalDebt -= _debt;         IERC20(token).safeTransferFrom(msg.sender, address(this), _debt);     } }  /**  * @notice an address that has balance in the vault can withdraw value denominated in attribution  * @param _attribution amount of attribution to burn  * @param _to beneficiary's address  * @return _retVal number of tokens withdrawn from the transaction  */ function withdrawAttribution(uint256 _attribution, address _to)     external     override     returns (uint256 _retVal) {     _retVal = _withdrawAttribution(_attribution, _to); }  /**  * @notice an address that has balance in the vault can withdraw all value  * @param _to beneficiary's address  * @return _retVal number of tokens withdrawn from the transaction  */ function withdrawAllAttribution(address _to)     external     override     returns (uint256 _retVal) {     _retVal = _withdrawAttribution(attributions[msg.sender], _to); }  /**  * @notice an address that has balance in the vault can withdraw all value  * @param _attribution amount of attribution to burn  * @param _to beneficiary's address  * @return _retVal number of tokens withdrawn from the transaction  */ function _withdrawAttribution(uint256 _attribution, address _to)     internal     returns (uint256 _retVal) {     require(         attributions[msg.sender] &gt;= _attribution,         ""ERROR_WITHDRAW-ATTRIBUTION_BADCONDITOONS""     );     _retVal = (_attribution * valueAll()) / totalAttributions;      attributions[msg.sender] -= _attribution;     totalAttributions -= _attribution;      if (available() &lt; _retVal) {         uint256 _shortage = _retVal - available();         _unutilize(_shortage);     }      balance -= _retVal;     IERC20(token).safeTransfer(_to, _retVal); }  /**  * @notice an address that has balance in the vault can transfer value denominated in attribution  * @param _amount amount of attribution to transfer  * @param _destination reciepient of attribution  */ function transferAttribution(uint256 _amount, address _destination)     external     override {     require(_destination != address(0), ""ERROR_ZERO_ADDRESS"");      require(         _amount != 0 &amp;&amp; attributions[msg.sender] &gt;= _amount,         ""ERROR_TRANSFER-ATTRIBUTION_BADCONDITOONS""     );      attributions[msg.sender] -= _amount;     attributions[_destination] += _amount; }  /**  * @notice the controller can utilize all available stored funds  * @return _amount amount of tokens utilized  */ function utilize() external override returns (uint256 _amount) {     if (keeper != address(0)) {         require(msg.sender == keeper, ""ERROR_NOT_KEEPER"");     }     _amount = available(); //balance     if (_amount &gt; 0) {         IERC20(token).safeTransfer(address(controller), _amount);         balance -= _amount;         controller.earn(address(token), _amount);     } }  /**  * @notice get attribution number for the specified address  * @param _target target address  * @return amount of attritbution  */  function attributionOf(address _target)     external     view     override     returns (uint256) {     return attributions[_target]; }  /**  * @notice get all attribution number for this contract  * @return amount of all attribution  */ function attributionAll() external view returns (uint256) {     return totalAttributions; }  /**  * @notice Convert attribution number into underlying assset value  * @param _attribution amount of attribution  * @return token value of input attribution  */ function attributionValue(uint256 _attribution)     external     view     override     returns (uint256) {     if (totalAttributions &gt; 0 &amp;&amp; _attribution &gt; 0) {         return (_attribution * valueAll()) / totalAttributions;     } else {         return 0;     } }  /**  * @notice return underlying value of the specified address  * @param _target target address  * @return token value of target address  */ function underlyingValue(address _target)     public     view     override     returns (uint256) {     if (attributions[_target] &gt; 0) {         return (valueAll() * attributions[_target]) / totalAttributions;     } else {         return 0;     } }  /**  * @notice return underlying value of this contract  * @return all token value of the vault  */ function valueAll() public view returns (uint256) {     if (address(controller) != address(0)) {         return balance + controller.valueAll();     } else {         return balance;     } }  /**  * @notice internal function to unutilize the funds and keep utilization rate  * @param _amount amount to withdraw from controller  */ function _unutilize(uint256 _amount) internal {     require(address(controller) != address(0), ""ERROR_CONTROLLER_NOT_SET"");      controller.withdraw(address(this), _amount);     balance += _amount; }  /**  * @notice return how much funds in this contract is available to be utilized  * @return available balance to utilize  */ function available() public view returns (uint256) {     return balance - totalDebt; }  /**  * @notice return how much price for each attribution  * @return value of one share of attribution  */ function getPricePerFullShare() public view returns (uint256) {     return (valueAll() * MAGIC_SCALE_1E6) / totalAttributions; }  /**  * onlyOwner  */  /**  * @notice withdraw redundant token stored in this contract  * @param _token token address  * @param _to beneficiary's address  */ function withdrawRedundant(address _token, address _to)     external     override     onlyOwner {     if (         _token == address(token) &amp;&amp;         balance &lt; IERC20(token).balanceOf(address(this))     ) {         uint256 _redundant = IERC20(token).balanceOf(address(this)) -             balance;         IERC20(token).safeTransfer(_to, _redundant);     } else if (IERC20(_token).balanceOf(address(this)) &gt; 0) {         IERC20(_token).safeTransfer(             _to,             IERC20(_token).balanceOf(address(this))         );     } }  /**  * @notice admin function to set controller address  * @param _controller address of the controller  */ function setController(address _controller) public override onlyOwner {     require(_controller != address(0), ""ERROR_ZERO_ADDRESS"");      if (address(controller) != address(0)) {         controller.migrate(address(_controller));         controller = IController(_controller);     } else {         controller = IController(_controller);     }      emit ControllerSet(_controller); }  /**  * @notice the controller can utilize all available stored funds  * @param _keeper keeper address  */ function setKeeper(address _keeper) external override onlyOwner {     if (keeper != _keeper) {         keeper = _keeper;     } }  } |
| **with_task_specify** | False |
| **memory** | No existed memory |
| **model_type** | ModelType.GPT_4_O_MINI |
| **background_prompt** | We are a specialized team that audits Solidity smart contracts using an advanced multi-agent system. Our approach combines the expertise of project management, smart contract counseling, auditing, and Solidity programming to deliver comprehensive and reliable contract assessments. |

[2024-10-08 11:57:05 INFO] Solidity Programming Expert: **[Start Chat]**

[We are a specialized team that audits Solidity smart contracts using an advanced multi-agent system. Our approach combines the expertise of project management, smart contract counseling, auditing, and Solidity programming to deliver comprehensive and reliable contract assessments.
You are Security Analyst. Now, we are both working at ChatDev and share a common interest in collaborating to successfully execute a marketing strategy for a new customer.
You can leverage your knowledge of Ethereum smart contracts and security best practices to throughly review the privded vulnerable smart contracts and identify potential bugs and security vulnerablites
Here is a new customer's task: pragma solidity 0.8.7;

/**
 * @author InsureDAO
 * @title InsureDAO vault contract
 * @notice
 * SPDX-License-Identifier: GPL-3.0
 */
import ""@openzeppelin/contracts/token/ERC20/IERC20.sol"";
import ""@openzeppelin/contracts/token/ERC20/utils/SafeERC20.sol"";

import ""./interfaces/IOwnership.sol"";
import ""./interfaces/IVault.sol"";

import ""./interfaces/IController.sol"";
import ""./interfaces/IRegistry.sol"";

contract Vault is IVault {
    using SafeERC20 for IERC20;

    /**
     * Storage
     */

    address public override token;
    IController public controller;
    IRegistry public registry;
    IOwnership public ownership;

    mapping(address => uint256) public override debts;
    mapping(address => uint256) public attributions;
    uint256 public totalAttributions;

    address public keeper; //keeper can operate utilize(), if address zero, anyone can operate.
    uint256 public balance; //balance of underlying token
    uint256 public totalDebt; //total debt balance. 1debt:1token

    uint256 public constant MAGIC_SCALE_1E6 = 1e6; //internal multiplication scale 1e6 to reduce decimal truncation



    event ControllerSet(address controller);

    modifier onlyOwner() {
        require(
            ownership.owner() == msg.sender,
            ""Restricted: caller is not allowed to operate""
        );
        _;
    }

    modifier onlyMarket() {
        require(
            IRegistry(registry).isListed(msg.sender),
            ""ERROR_ONLY_MARKET""
        );
        _;
    }

    constructor(
        address _token,
        address _registry,
        address _controller,
        address _ownership
    ) {
        require(_token != address(0));
        require(_registry != address(0));
        require(_ownership != address(0));
        //controller can be zero

        token = _token;
        registry = IRegistry(_registry);
        controller = IController(_controller);
        ownership = IOwnership(_ownership);
    }

    /**
     * Vault Functions
     */

    /**
     * @notice A market contract can deposit collateral and get attribution point in return
     * @param  _amount amount of tokens to deposit
     * @param _from sender's address
     * @param _beneficiaries beneficiary's address array
     * @param _shares funds share within beneficiaries (100% = 1e6)
     * @return _allocations attribution amount generated from the transaction
     */
    function addValueBatch(
        uint256 _amount,
        address _from,
        address[2] memory _beneficiaries,
        uint256[2] memory _shares
    ) external override onlyMarket returns (uint256[2] memory _allocations) {
        
        require(_shares[0] + _shares[1] == 1000000, ""ERROR_INCORRECT_SHARE"");

        uint256 _attributions;
        if (totalAttributions == 0) {
            _attributions = _amount;
        } else {
            uint256 _pool = valueAll();
            _attributions = (_amount * totalAttributions) / _pool;
        }
        IERC20(token).safeTransferFrom(_from, address(this), _amount);

        balance += _amount;
        totalAttributions += _attributions;
        for (uint128 i = 0; i < 2; i++) {
            uint256 _allocation = (_shares[i] * _attributions) / MAGIC_SCALE_1E6;
            attributions[_beneficiaries[i]] += _allocation;
            _allocations[i] = _allocation;
        }
    }

    /**
     * @notice A market contract can deposit collateral and get attribution point in return
     * @param  _amount amount of tokens to deposit
     * @param _from sender's address
     * @param _beneficiary beneficiary's address
     * @return _attributions attribution amount generated from the transaction
     */

    function addValue(
        uint256 _amount,
        address _from,
        address _beneficiary
    ) external override onlyMarket returns (uint256 _attributions) {

        if (totalAttributions == 0) {
            _attributions = _amount;
        } else {
            uint256 _pool = valueAll();
            _attributions = (_amount * totalAttributions) / _pool;
        }
        IERC20(token).safeTransferFrom(_from, address(this), _amount);
        balance += _amount;
        totalAttributions += _attributions;
        attributions[_beneficiary] += _attributions;
    }

    /**
     * @notice an address that has balance in the vault can withdraw underlying value
     * @param _amount amount of tokens to withdraw
     * @param _to address to get underlying tokens
     * @return _attributions amount of attributions burnet
     */
    function withdrawValue(uint256 _amount, address _to)
        external
        override
        returns (uint256 _attributions)
    {
        require(
            attributions[msg.sender] > 0 &&
                underlyingValue(msg.sender) >= _amount,
            ""ERROR_WITHDRAW-VALUE_BADCONDITOONS""
        );
        _attributions = (totalAttributions * _amount) / valueAll();

        attributions[msg.sender] -= _attributions;
        totalAttributions -= _attributions;

        if (available() < _amount) {
            //when USDC in this contract isn't enough
            uint256 _shortage = _amount - available();
            _unutilize(_shortage);

            assert(available() >= _amount);
        }

        balance -= _amount;
        IERC20(token).safeTransfer(_to, _amount);
    }

    /**
     * @notice an address that has balance in the vault can transfer underlying value
     * @param _amount sender of value
     * @param _destination reciepient of value
     */

    function transferValue(uint256 _amount, address _destination)
        external
        override
        returns (uint256 _attributions)
    {
        require(
            attributions[msg.sender] > 0 &&
                underlyingValue(msg.sender) >= _amount,
            ""ERROR_TRANSFER-VALUE_BADCONDITOONS""
        );
        _attributions = (_amount * totalAttributions) / valueAll();
        attributions[msg.sender] -= _attributions;
        attributions[_destination] += _attributions;
    }

    /**
     * @notice a registered contract can borrow balance from the vault
     * @param _amount borrow amount
     * @param _to borrower's address
     */
    function borrowValue(uint256 _amount, address _to) external onlyMarket override {
        debts[msg.sender] += _amount;
        totalDebt += _amount;

        IERC20(token).safeTransfer(_to, _amount);
    }

    /**
     * @notice an address that has balance in the vault can offset an address's debt
     * @param _amount debt amount to offset
     * @param _target borrower's address
     */

    function offsetDebt(uint256 _amount, address _target)
        external
        override
        returns (uint256 _attributions)
    {
        require(
            attributions[msg.sender] > 0 &&
                underlyingValue(msg.sender) >= _amount,
            ""ERROR_REPAY_DEBT_BADCONDITOONS""
        );
        _attributions = (_amount * totalAttributions) / valueAll();
        attributions[msg.sender] -= _attributions;
        totalAttributions -= _attributions;
        balance -= _amount;
        debts[_target] -= _amount;
        totalDebt -= _amount;
    }

    /**
     * @notice a registerd market can transfer their debt to system debt
     * @param _amount debt amount to transfer
     * @dev will be called when CDS could not afford when resume the market.
     */
    function transferDebt(uint256 _amount) external onlyMarket override {

        if(_amount != 0){
            debts[msg.sender] -= _amount;
            debts[address(0)] += _amount;
        }
    }

    /**
     * @notice anyone can repay the system debt by sending tokens to this contract
     * @param _amount debt amount to repay
     * @param _target borrower's address
     */
    function repayDebt(uint256 _amount, address _target) external override {
        uint256 _debt = debts[_target];
        if (_debt >= _amount) {
            debts[_target] -= _amount;
            totalDebt -= _amount;
            IERC20(token).safeTransferFrom(msg.sender, address(this), _amount);
        } else {
            debts[_target] = 0;
            totalDebt -= _debt;
            IERC20(token).safeTransferFrom(msg.sender, address(this), _debt);
        }
    }

    /**
     * @notice an address that has balance in the vault can withdraw value denominated in attribution
     * @param _attribution amount of attribution to burn
     * @param _to beneficiary's address
     * @return _retVal number of tokens withdrawn from the transaction
     */
    function withdrawAttribution(uint256 _attribution, address _to)
        external
        override
        returns (uint256 _retVal)
    {
        _retVal = _withdrawAttribution(_attribution, _to);
    }

    /**
     * @notice an address that has balance in the vault can withdraw all value
     * @param _to beneficiary's address
     * @return _retVal number of tokens withdrawn from the transaction
     */
    function withdrawAllAttribution(address _to)
        external
        override
        returns (uint256 _retVal)
    {
        _retVal = _withdrawAttribution(attributions[msg.sender], _to);
    }

    /**
     * @notice an address that has balance in the vault can withdraw all value
     * @param _attribution amount of attribution to burn
     * @param _to beneficiary's address
     * @return _retVal number of tokens withdrawn from the transaction
     */
    function _withdrawAttribution(uint256 _attribution, address _to)
        internal
        returns (uint256 _retVal)
    {
        require(
            attributions[msg.sender] >= _attribution,
            ""ERROR_WITHDRAW-ATTRIBUTION_BADCONDITOONS""
        );
        _retVal = (_attribution * valueAll()) / totalAttributions;

        attributions[msg.sender] -= _attribution;
        totalAttributions -= _attribution;

        if (available() < _retVal) {
            uint256 _shortage = _retVal - available();
            _unutilize(_shortage);
        }

        balance -= _retVal;
        IERC20(token).safeTransfer(_to, _retVal);
    }

    /**
     * @notice an address that has balance in the vault can transfer value denominated in attribution
     * @param _amount amount of attribution to transfer
     * @param _destination reciepient of attribution
     */
    function transferAttribution(uint256 _amount, address _destination)
        external
        override
    {
        require(_destination != address(0), ""ERROR_ZERO_ADDRESS"");

        require(
            _amount != 0 && attributions[msg.sender] >= _amount,
            ""ERROR_TRANSFER-ATTRIBUTION_BADCONDITOONS""
        );

        attributions[msg.sender] -= _amount;
        attributions[_destination] += _amount;
    }

    /**
     * @notice the controller can utilize all available stored funds
     * @return _amount amount of tokens utilized
     */
    function utilize() external override returns (uint256 _amount) {
        if (keeper != address(0)) {
            require(msg.sender == keeper, ""ERROR_NOT_KEEPER"");
        }
        _amount = available(); //balance
        if (_amount > 0) {
            IERC20(token).safeTransfer(address(controller), _amount);
            balance -= _amount;
            controller.earn(address(token), _amount);
        }
    }

    /**
     * @notice get attribution number for the specified address
     * @param _target target address
     * @return amount of attritbution
     */

    function attributionOf(address _target)
        external
        view
        override
        returns (uint256)
    {
        return attributions[_target];
    }

    /**
     * @notice get all attribution number for this contract
     * @return amount of all attribution
     */
    function attributionAll() external view returns (uint256) {
        return totalAttributions;
    }

    /**
     * @notice Convert attribution number into underlying assset value
     * @param _attribution amount of attribution
     * @return token value of input attribution
     */
    function attributionValue(uint256 _attribution)
        external
        view
        override
        returns (uint256)
    {
        if (totalAttributions > 0 && _attribution > 0) {
            return (_attribution * valueAll()) / totalAttributions;
        } else {
            return 0;
        }
    }

    /**
     * @notice return underlying value of the specified address
     * @param _target target address
     * @return token value of target address
     */
    function underlyingValue(address _target)
        public
        view
        override
        returns (uint256)
    {
        if (attributions[_target] > 0) {
            return (valueAll() * attributions[_target]) / totalAttributions;
        } else {
            return 0;
        }
    }

    /**
     * @notice return underlying value of this contract
     * @return all token value of the vault
     */
    function valueAll() public view returns (uint256) {
        if (address(controller) != address(0)) {
            return balance + controller.valueAll();
        } else {
            return balance;
        }
    }

    /**
     * @notice internal function to unutilize the funds and keep utilization rate
     * @param _amount amount to withdraw from controller
     */
    function _unutilize(uint256 _amount) internal {
        require(address(controller) != address(0), ""ERROR_CONTROLLER_NOT_SET"");

        controller.withdraw(address(this), _amount);
        balance += _amount;
    }

    /**
     * @notice return how much funds in this contract is available to be utilized
     * @return available balance to utilize
     */
    function available() public view returns (uint256) {
        return balance - totalDebt;
    }

    /**
     * @notice return how much price for each attribution
     * @return value of one share of attribution
     */
    function getPricePerFullShare() public view returns (uint256) {
        return (valueAll() * MAGIC_SCALE_1E6) / totalAttributions;
    }

    /**
     * onlyOwner
     */

    /**
     * @notice withdraw redundant token stored in this contract
     * @param _token token address
     * @param _to beneficiary's address
     */
    function withdrawRedundant(address _token, address _to)
        external
        override
        onlyOwner
    {
        if (
            _token == address(token) &&
            balance < IERC20(token).balanceOf(address(this))
        ) {
            uint256 _redundant = IERC20(token).balanceOf(address(this)) -
                balance;
            IERC20(token).safeTransfer(_to, _redundant);
        } else if (IERC20(_token).balanceOf(address(this)) > 0) {
            IERC20(_token).safeTransfer(
                _to,
                IERC20(_token).balanceOf(address(this))
            );
        }
    }

    /**
     * @notice admin function to set controller address
     * @param _controller address of the controller
     */
    function setController(address _controller) public override onlyOwner {
        require(_controller != address(0), ""ERROR_ZERO_ADDRESS"");

        if (address(controller) != address(0)) {
            controller.migrate(address(_controller));
            controller = IController(_controller);
        } else {
            controller = IController(_controller);
        }

        emit ControllerSet(_controller);
    }

    /**
     * @notice the controller can utilize all available stored funds
     * @param _keeper keeper address
     */
    function setKeeper(address _keeper) external override onlyOwner {
        if (keeper != _keeper) {
            keeper = _keeper;
        }
    }
}
.
To complete the task,  you must write a response that appropriately solves the requested instruction based on your expertise and customer's needs.]

Given the user's task and the brainstorming ideas provided:
Task: ""pragma solidity 0.8.7;

/**
 * @author InsureDAO
 * @title InsureDAO vault contract
 * @notice
 * SPDX-License-Identifier: GPL-3.0
 */
import ""@openzeppelin/contracts/token/ERC20/IERC20.sol"";
import ""@openzeppelin/contracts/token/ERC20/utils/SafeERC20.sol"";

import ""./interfaces/IOwnership.sol"";
import ""./interfaces/IVault.sol"";

import ""./interfaces/IController.sol"";
import ""./interfaces/IRegistry.sol"";

contract Vault is IVault {
    using SafeERC20 for IERC20;

    /**
     * Storage
     */

    address public override token;
    IController public controller;
    IRegistry public registry;
    IOwnership public ownership;

    mapping(address => uint256) public override debts;
    mapping(address => uint256) public attributions;
    uint256 public totalAttributions;

    address public keeper; //keeper can operate utilize(), if address zero, anyone can operate.
    uint256 public balance; //balance of underlying token
    uint256 public totalDebt; //total debt balance. 1debt:1token

    uint256 public constant MAGIC_SCALE_1E6 = 1e6; //internal multiplication scale 1e6 to reduce decimal truncation



    event ControllerSet(address controller);

    modifier onlyOwner() {
        require(
            ownership.owner() == msg.sender,
            ""Restricted: caller is not allowed to operate""
        );
        _;
    }

    modifier onlyMarket() {
        require(
            IRegistry(registry).isListed(msg.sender),
            ""ERROR_ONLY_MARKET""
        );
        _;
    }

    constructor(
        address _token,
        address _registry,
        address _controller,
        address _ownership
    ) {
        require(_token != address(0));
        require(_registry != address(0));
        require(_ownership != address(0));
        //controller can be zero

        token = _token;
        registry = IRegistry(_registry);
        controller = IController(_controller);
        ownership = IOwnership(_ownership);
    }

    /**
     * Vault Functions
     */

    /**
     * @notice A market contract can deposit collateral and get attribution point in return
     * @param  _amount amount of tokens to deposit
     * @param _from sender's address
     * @param _beneficiaries beneficiary's address array
     * @param _shares funds share within beneficiaries (100% = 1e6)
     * @return _allocations attribution amount generated from the transaction
     */
    function addValueBatch(
        uint256 _amount,
        address _from,
        address[2] memory _beneficiaries,
        uint256[2] memory _shares
    ) external override onlyMarket returns (uint256[2] memory _allocations) {
        
        require(_shares[0] + _shares[1] == 1000000, ""ERROR_INCORRECT_SHARE"");

        uint256 _attributions;
        if (totalAttributions == 0) {
            _attributions = _amount;
        } else {
            uint256 _pool = valueAll();
            _attributions = (_amount * totalAttributions) / _pool;
        }
        IERC20(token).safeTransferFrom(_from, address(this), _amount);

        balance += _amount;
        totalAttributions += _attributions;
        for (uint128 i = 0; i < 2; i++) {
            uint256 _allocation = (_shares[i] * _attributions) / MAGIC_SCALE_1E6;
            attributions[_beneficiaries[i]] += _allocation;
            _allocations[i] = _allocation;
        }
    }

    /**
     * @notice A market contract can deposit collateral and get attribution point in return
     * @param  _amount amount of tokens to deposit
     * @param _from sender's address
     * @param _beneficiary beneficiary's address
     * @return _attributions attribution amount generated from the transaction
     */

    function addValue(
        uint256 _amount,
        address _from,
        address _beneficiary
    ) external override onlyMarket returns (uint256 _attributions) {

        if (totalAttributions == 0) {
            _attributions = _amount;
        } else {
            uint256 _pool = valueAll();
            _attributions = (_amount * totalAttributions) / _pool;
        }
        IERC20(token).safeTransferFrom(_from, address(this), _amount);
        balance += _amount;
        totalAttributions += _attributions;
        attributions[_beneficiary] += _attributions;
    }

    /**
     * @notice an address that has balance in the vault can withdraw underlying value
     * @param _amount amount of tokens to withdraw
     * @param _to address to get underlying tokens
     * @return _attributions amount of attributions burnet
     */
    function withdrawValue(uint256 _amount, address _to)
        external
        override
        returns (uint256 _attributions)
    {
        require(
            attributions[msg.sender] > 0 &&
                underlyingValue(msg.sender) >= _amount,
            ""ERROR_WITHDRAW-VALUE_BADCONDITOONS""
        );
        _attributions = (totalAttributions * _amount) / valueAll();

        attributions[msg.sender] -= _attributions;
        totalAttributions -= _attributions;

        if (available() < _amount) {
            //when USDC in this contract isn't enough
            uint256 _shortage = _amount - available();
            _unutilize(_shortage);

            assert(available() >= _amount);
        }

        balance -= _amount;
        IERC20(token).safeTransfer(_to, _amount);
    }

    /**
     * @notice an address that has balance in the vault can transfer underlying value
     * @param _amount sender of value
     * @param _destination reciepient of value
     */

    function transferValue(uint256 _amount, address _destination)
        external
        override
        returns (uint256 _attributions)
    {
        require(
            attributions[msg.sender] > 0 &&
                underlyingValue(msg.sender) >= _amount,
            ""ERROR_TRANSFER-VALUE_BADCONDITOONS""
        );
        _attributions = (_amount * totalAttributions) / valueAll();
        attributions[msg.sender] -= _attributions;
        attributions[_destination] += _attributions;
    }

    /**
     * @notice a registered contract can borrow balance from the vault
     * @param _amount borrow amount
     * @param _to borrower's address
     */
    function borrowValue(uint256 _amount, address _to) external onlyMarket override {
        debts[msg.sender] += _amount;
        totalDebt += _amount;

        IERC20(token).safeTransfer(_to, _amount);
    }

    /**
     * @notice an address that has balance in the vault can offset an address's debt
     * @param _amount debt amount to offset
     * @param _target borrower's address
     */

    function offsetDebt(uint256 _amount, address _target)
        external
        override
        returns (uint256 _attributions)
    {
        require(
            attributions[msg.sender] > 0 &&
                underlyingValue(msg.sender) >= _amount,
            ""ERROR_REPAY_DEBT_BADCONDITOONS""
        );
        _attributions = (_amount * totalAttributions) / valueAll();
        attributions[msg.sender] -= _attributions;
        totalAttributions -= _attributions;
        balance -= _amount;
        debts[_target] -= _amount;
        totalDebt -= _amount;
    }

    /**
     * @notice a registerd market can transfer their debt to system debt
     * @param _amount debt amount to transfer
     * @dev will be called when CDS could not afford when resume the market.
     */
    function transferDebt(uint256 _amount) external onlyMarket override {

        if(_amount != 0){
            debts[msg.sender] -= _amount;
            debts[address(0)] += _amount;
        }
    }

    /**
     * @notice anyone can repay the system debt by sending tokens to this contract
     * @param _amount debt amount to repay
     * @param _target borrower's address
     */
    function repayDebt(uint256 _amount, address _target) external override {
        uint256 _debt = debts[_target];
        if (_debt >= _amount) {
            debts[_target] -= _amount;
            totalDebt -= _amount;
            IERC20(token).safeTransferFrom(msg.sender, address(this), _amount);
        } else {
            debts[_target] = 0;
            totalDebt -= _debt;
            IERC20(token).safeTransferFrom(msg.sender, address(this), _debt);
        }
    }

    /**
     * @notice an address that has balance in the vault can withdraw value denominated in attribution
     * @param _attribution amount of attribution to burn
     * @param _to beneficiary's address
     * @return _retVal number of tokens withdrawn from the transaction
     */
    function withdrawAttribution(uint256 _attribution, address _to)
        external
        override
        returns (uint256 _retVal)
    {
        _retVal = _withdrawAttribution(_attribution, _to);
    }

    /**
     * @notice an address that has balance in the vault can withdraw all value
     * @param _to beneficiary's address
     * @return _retVal number of tokens withdrawn from the transaction
     */
    function withdrawAllAttribution(address _to)
        external
        override
        returns (uint256 _retVal)
    {
        _retVal = _withdrawAttribution(attributions[msg.sender], _to);
    }

    /**
     * @notice an address that has balance in the vault can withdraw all value
     * @param _attribution amount of attribution to burn
     * @param _to beneficiary's address
     * @return _retVal number of tokens withdrawn from the transaction
     */
    function _withdrawAttribution(uint256 _attribution, address _to)
        internal
        returns (uint256 _retVal)
    {
        require(
            attributions[msg.sender] >= _attribution,
            ""ERROR_WITHDRAW-ATTRIBUTION_BADCONDITOONS""
        );
        _retVal = (_attribution * valueAll()) / totalAttributions;

        attributions[msg.sender] -= _attribution;
        totalAttributions -= _attribution;

        if (available() < _retVal) {
            uint256 _shortage = _retVal - available();
            _unutilize(_shortage);
        }

        balance -= _retVal;
        IERC20(token).safeTransfer(_to, _retVal);
    }

    /**
     * @notice an address that has balance in the vault can transfer value denominated in attribution
     * @param _amount amount of attribution to transfer
     * @param _destination reciepient of attribution
     */
    function transferAttribution(uint256 _amount, address _destination)
        external
        override
    {
        require(_destination != address(0), ""ERROR_ZERO_ADDRESS"");

        require(
            _amount != 0 && attributions[msg.sender] >= _amount,
            ""ERROR_TRANSFER-ATTRIBUTION_BADCONDITOONS""
        );

        attributions[msg.sender] -= _amount;
        attributions[_destination] += _amount;
    }

    /**
     * @notice the controller can utilize all available stored funds
     * @return _amount amount of tokens utilized
     */
    function utilize() external override returns (uint256 _amount) {
        if (keeper != address(0)) {
            require(msg.sender == keeper, ""ERROR_NOT_KEEPER"");
        }
        _amount = available(); //balance
        if (_amount > 0) {
            IERC20(token).safeTransfer(address(controller), _amount);
            balance -= _amount;
            controller.earn(address(token), _amount);
        }
    }

    /**
     * @notice get attribution number for the specified address
     * @param _target target address
     * @return amount of attritbution
     */

    function attributionOf(address _target)
        external
        view
        override
        returns (uint256)
    {
        return attributions[_target];
    }

    /**
     * @notice get all attribution number for this contract
     * @return amount of all attribution
     */
    function attributionAll() external view returns (uint256) {
        return totalAttributions;
    }

    /**
     * @notice Convert attribution number into underlying assset value
     * @param _attribution amount of attribution
     * @return token value of input attribution
     */
    function attributionValue(uint256 _attribution)
        external
        view
        override
        returns (uint256)
    {
        if (totalAttributions > 0 && _attribution > 0) {
            return (_attribution * valueAll()) / totalAttributions;
        } else {
            return 0;
        }
    }

    /**
     * @notice return underlying value of the specified address
     * @param _target target address
     * @return token value of target address
     */
    function underlyingValue(address _target)
        public
        view
        override
        returns (uint256)
    {
        if (attributions[_target] > 0) {
            return (valueAll() * attributions[_target]) / totalAttributions;
        } else {
            return 0;
        }
    }

    /**
     * @notice return underlying value of this contract
     * @return all token value of the vault
     */
    function valueAll() public view returns (uint256) {
        if (address(controller) != address(0)) {
            return balance + controller.valueAll();
        } else {
            return balance;
        }
    }

    /**
     * @notice internal function to unutilize the funds and keep utilization rate
     * @param _amount amount to withdraw from controller
     */
    function _unutilize(uint256 _amount) internal {
        require(address(controller) != address(0), ""ERROR_CONTROLLER_NOT_SET"");

        controller.withdraw(address(this), _amount);
        balance += _amount;
    }

    /**
     * @notice return how much funds in this contract is available to be utilized
     * @return available balance to utilize
     */
    function available() public view returns (uint256) {
        return balance - totalDebt;
    }

    /**
     * @notice return how much price for each attribution
     * @return value of one share of attribution
     */
    function getPricePerFullShare() public view returns (uint256) {
        return (valueAll() * MAGIC_SCALE_1E6) / totalAttributions;
    }

    /**
     * onlyOwner
     */

    /**
     * @notice withdraw redundant token stored in this contract
     * @param _token token address
     * @param _to beneficiary's address
     */
    function withdrawRedundant(address _token, address _to)
        external
        override
        onlyOwner
    {
        if (
            _token == address(token) &&
            balance < IERC20(token).balanceOf(address(this))
        ) {
            uint256 _redundant = IERC20(token).balanceOf(address(this)) -
                balance;
            IERC20(token).safeTransfer(_to, _redundant);
        } else if (IERC20(_token).balanceOf(address(this)) > 0) {
            IERC20(_token).safeTransfer(
                _to,
                IERC20(_token).balanceOf(address(this))
            );
        }
    }

    /**
     * @notice admin function to set controller address
     * @param _controller address of the controller
     */
    function setController(address _controller) public override onlyOwner {
        require(_controller != address(0), ""ERROR_ZERO_ADDRESS"");

        if (address(controller) != address(0)) {
            controller.migrate(address(_controller));
            controller = IController(_controller);
        } else {
            controller = IController(_controller);
        }

        emit ControllerSet(_controller);
    }

    /**
     * @notice the controller can utilize all available stored funds
     * @param _keeper keeper address
     */
    function setKeeper(address _keeper) external override onlyOwner {
        if (keeper != _keeper) {
            keeper = _keeper;
        }
    }
}
"".
Ideas: "" Redundant Conditional Check Identified.
```
REDUNDANT CONDITIONAL CHECK
'''
In the `transferDebt` function, the condition `if(_amount != 0)` is checked before performing the debt transfer. However, since the function is called with a specific `_amount` parameter, it is possible that the caller may pass a zero value intentionally. This check does not add any value to the function's logic and can be considered redundant.

To mitigate this issue, the check can be removed entirely, allowing the function to proceed with the debt transfer regardless of whether `_amount` is zero or not. This will simplify the code and reduce unnecessary checks.
'''
```"".
As the Security Analyst, your primary objective is to perform a thorough and detailed inspection of the provided contract code, with a particular focus on identifying vulnerabilities related to External Oracle Dependency. There are two main concerns related to External Oracle Dependency vulnerabilities:
1. Dependence on a single external oracle for critical data, which pertains to the reliability of the data source. If the oracle is compromised, provides incorrect data, or becomes unavailable, the contract's functionalities could be adversely affected.
2. Lack of fallback mechanisms, which can lead to the contract failing if the external oracle call fails or returns invalid data. This could be exploited by adversaries to disrupt the contract's operations.
If you identify reliance on a single external oracle for critical data, respond with: """,,,,,,,,,,,,,,,,,,,
