Integer Overflow/Underflow Identified,Reentrancy Identified,Unchecked External Calls Identified,Unchecked Low-level Calls Identified,Transactions Order Dependence Identified,Timestamp Manipulation Identified,Predictable Randomness Identified,Unsafe `tx.origin` Identified,Unsafe Suicide Identified,Gas Limit Identified,Price Manipulation Identified,Assumption of Fixed-Length Array Identified,Lack of Withdrawal Function Identified,Lack of Authorization Identified,Potential Data Inconsistency Identified,Hash Collision Identified,Uninitialized Return Variable Identified,Misdeclared Constructor Identified,Missing 'onlyOwner' Modifier Identified,Misuse of `msg.value` within a Loop Identified,Precision Loss Identified,Redundant Conditional Check Identified,External Oracle Dependency Identified,Ownership Hijacking Identified,Centralization Risk Identified,Incorrect Funding Rate Calculation Identified,Flash Loan Fee Manipulation Identified,Misuse of Mapping Getter Identified,Lack of Getter Function Implementation Identified,Unnecessary Comparison Identified,Inconsistent Initialization Identified,Potential Inconsistency in Yield Source Swapping Identified,Incorrect Signer Verification Identified,Order of Inheritance Initialization Identified,Impracticality of Exact Match Identified,Inconsistent Base Tokens Identified,Handling Partial Withdrawals Identified,Fallback Function Identified,Unlimited Token Approval Identified,Lack of Input Validation Identified,DoS Vulnerability Identified
"<INFO> Integer Overflow/Underflow Identified.""
For each vulnerability identified, use the following format:
```
VULNERABILITY NAME or TYPE
'''
DETAILED DESCRIPTION of the vulnerability, along with recommended mitigation measures or fixes that do not require code upgrades.
'''
```
If you don't find any vulnerabilities, respond only with: ""","<INFO> Reentrancy Identified.""
For each vulnerability identified, use the following format:
```
VULNERABILITY NAME or TYPE
'''
DETAILED DESCRIPTION of the vulnerability, AND recommended mitigation/fix with no upgrade code
'''
```
If you don't find any vulnerabilities, respond only with: ""","<INFO> Unchecked External Calls Identified."".
For each vulnerability identified, use the following format:
```
VULNERABILITY NAME or TYPE
'''
DETAILED DESCRIPTION of the vulnerability, AND recommended mitigation/fix with no upgrade code
'''
```
If you don't find any vulnerabilities, respond only with: ""","<INFO> Unchecked Low-level Calls Identified."".
For each vulnerability identified, use the following format:
```
VULNERABILITY NAME or TYPE
'''
DETAILED DESCRIPTION of the vulnerability, AND recommended mitigation/fix with no upgrade code
'''
```
If you don't find any vulnerabilities, respond only with: ""","<INFO> Transactions Order Dependence Identified.""
For each vulnerability identified, use the following format:
```
VULNERABILITY NAME or TYPE
'''
DETAILED DESCRIPTION of the vulnerability, along with recommended mitigation measures or fixes that do not require code upgrades
'''
```
If you don't find any Transactions Order Dependence vulnerabilities, respond only with: ""","<INFO> Timestamp Manipulation Identified.""
For each vulnerability identified, use the following format:
```
VULNERABILITY NAME or TYPE
'''
DETAILED DESCRIPTION of the vulnerability, AND recommended mitigation/fix with no upgrade code
'''
```
If you don't find any vulnerabilities, respond only with: ""","<INFO> Predictable Randomness Identified.""
For each vulnerability identified, use the following format:
```
VULNERABILITY NAME or TYPE
'''
DETAILED DESCRIPTION of the vulnerability, AND recommended mitigation/fix with no upgrade code
'''
```
If you don't find any vulnerabilities, respond only with: ""","<INFO> Unsafe `tx.origin` Identified.""
For each vulnerability identified, use the following format:
```
VULNERABILITY NAME or TYPE
'''
DETAILED DESCRIPTION of the vulnerability, AND recommended mitigation/fix with no upgrade code
'''
```
If you don't find any vulnerabilities, respond only with: ""","<INFO> Unsafe Suicide Identified.""
For each vulnerability identified, use the following format:
```
VULNERABILITY NAME or TYPE
'''
DETAILED DESCRIPTION of the vulnerability, AND recommended mitigation/fix with no upgrade code
'''
```
If NO Lack of Restriction on `selfdestruct` is found, respond only with: ""","<INFO> Gas Limit Identified.""
For each vulnerability identified, use the following format:
```
VULNERABILITY NAME or TYPE
'''
DETAILED DESCRIPTION of the vulnerability, AND recommended mitigation/fix with no upgrade code
'''
```
If you don't find any vulnerabilities, respond only with: ""","<INFO> Price Manipulation Identified.""
For each vulnerability identified, use the following format:
```
VULNERABILITY NAME or TYPE
'''
DETAILED DESCRIPTION of the vulnerability, AND recommended mitigation/fix with no upgrade code.
'''
```
If you don't find any vulnerabilities, respond only with: ""","<INFO> Assumption of Fixed-Length Array Identified.""
For each vulnerability identified, use the following format:
```
VULNERABILITY NAME or TYPE
'''
DETAILED DESCRIPTION of the vulnerability, AND recommended mitigation/fix with no upgrade code.
'''
```
If you don't find any vulnerabilities, respond only with: ""","<INFO> Lack of Withdrawal Function Identified.""
For each vulnerability identified, use the following format:
```
VULNERABILITY NAME or TYPE
'''
DETAILED DESCRIPTION of the vulnerability, AND recommended mitigation/fix with no upgrade code
'''
```
If a secure withdrawal function is found and no issues are identified, respond only with: ""","<INFO> Lack of Authorization Identified.""
For each vulnerability identified, use the following format:
```
VULNERABILITY NAME or TYPE
'''
DETAILED DESCRIPTION of the vulnerability, AND recommended mitigation/fix with no upgrade code
'''
```
If NO Lack of Authorization vulnerabilities are found, respond only with: ""","<INFO> Potential Data Inconsistency Identified.""
For each vulnerability identified, use the following format:
```
VULNERABILITY NAME or TYPE
'''
DETAILED DESCRIPTION of the vulnerability, AND recommended mitigation/fix with no upgrade code
'''
```
If NO Potential Data Inconsistency vulnerabilities are found, respond only with: ""","<INFO> Hash Collision Identified.""
For each vulnerability identified, use the following format:
```
VULNERABILITY NAME or TYPE
'''
DETAILED DESCRIPTION of the vulnerability, AND recommended mitigation/fix with no upgrade code
'''
```
If NO Hash Collision vulnerabilities are found, respond only with: ""","<INFO> Uninitialized Return Variable Identified.""
For each vulnerability identified, use the following format:
```
VULNERABILITY NAME or TYPE
'''
DETAILED DESCRIPTION of the vulnerability, AND recommended mitigation/fix with no upgrade code
'''
```
If NO Uninitialized Return Variable vulnerabilities are found, respond only with: ""","<INFO> Misdeclared Constructor Identified.""
For each vulnerability identified, use the following format:
```
VULNERABILITY NAME or TYPE
'''
DETAILED DESCRIPTION of the vulnerability, AND recommended mitigation/fix with no upgrade code
'''
```
If NO Misdeclared Constructor vulnerabilities are found, respond only with: ""","<INFO> Missing 'onlyOwner' Modifier Identified.""
For each vulnerability identified, use the following format:
```
VULNERABILITY NAME or TYPE
'''
DETAILED DESCRIPTION of the vulnerability, AND recommended mitigation/fix with no upgrade code
'''
```
If you don't find any vulnerabilities, respond only with: ""","<INFO> Misuse of `msg.value` within a Loop Identified.""
For each vulnerability identified, use the following format:
```
VULNERABILITY NAME or TYPE
'''
DETAILED DESCRIPTION of the vulnerability, AND recommended mitigation/fix with no upgrade code
'''
```
If you don't find any vulnerabilities, respond only with: ""","<INFO> Precision Loss Identified.""
For each vulnerability identified, use the following format:
```
VULNERABILITY NAME or TYPE
'''
DETAILED DESCRIPTION of the vulnerability, AND recommended mitigation/fix with no upgrade code
'''
```
If you don't find any vulnerabilities, respond only with: ""","<INFO> Redundant Conditional Check Identified.""
For each vulnerability identified, use the following format:
```
VULNERABILITY NAME or TYPE
'''
DETAILED DESCRIPTION of the vulnerability, AND recommended mitigation/fix with no upgrade code
'''
```
If you don't find any vulnerabilities, respond only with: ""","<INFO> External Oracle Dependency Identified.""
For each vulnerability identified, use the following format:
```
VULNERABILITY NAME or TYPE
'''
DETAILED DESCRIPTION of the vulnerability, AND recommended mitigation/fix with no upgrade code
'''
```
If you don't find any vulnerabilities, respond only with: """,,"<INFO> Centralization Risk Identified.""
For each vulnerability identified, use the following format:
```
VULNERABILITY NAME or TYPE
'''
DETAILED DESCRIPTION of the vulnerability, AND recommended mitigation/fix with no upgrade code
'''
```
If you don't find any vulnerabilities, respond only with: ""","<INFO> Incorrect Funding Rate Calculation Identified.""
For each vulnerability identified, use the following format:
```
VULNERABILITY NAME or TYPE
'''
DETAILED DESCRIPTION of the vulnerability, AND recommended mitigation/fix with no upgrade code
'''
```
If you don't find any vulnerabilities, respond only with: ""","<INFO> Flash Loan Fee Manipulation Identified.""
For each vulnerability identified, use the following format:
```
VULNERABILITY NAME or TYPE
'''
DETAILED DESCRIPTION of the vulnerability, AND recommended mitigation/fix with no upgrade code
'''
```
If you don't find any vulnerabilities, respond only with: ""","<INFO> Misuse of Mapping Getter Identified.""
For each vulnerability identified, use the following format:
```
VULNERABILITY NAME or TYPE
'''
DETAILED DESCRIPTION of the vulnerability, AND recommended mitigation/fix with no upgrade code
'''
```
If you don't find any vulnerabilities, respond only with: ""","<INFO> Lack of Getter Function Implementation Identified.""
For each vulnerability identified, use the following format:
```
VULNERABILITY NAME or TYPE
'''
DETAILED DESCRIPTION of the vulnerability, AND recommended mitigation/fix with no upgrade code
'''
```
If you don't find any vulnerabilities, respond only with: ""","<INFO> Unnecessary Comparison Identified.""
For each vulnerability identified, use the following format:
```
VULNERABILITY NAME or TYPE
'''
DETAILED DESCRIPTION of the vulnerability, AND recommended mitigation/fix with no upgrade code
'''
```
If you don't find any vulnerabilities, respond only with: ""","<INFO> Inconsistent Initialization Identified.""
For each vulnerability identified, use the following format:
```
VULNERABILITY NAME or TYPE
'''
DETAILED DESCRIPTION of the vulnerability, AND recommended mitigation/fix with no upgrade code
'''
```
If you don't find any vulnerabilities, respond only with: ""","<INFO> Potential Inconsistency in Yield Source Swapping Identified.""
For each vulnerability identified, use the following format:
```
VULNERABILITY NAME or TYPE
'''
DETAILED DESCRIPTION of the vulnerability, AND recommended mitigation/fix with no upgrade code
'''
```
If you don't find any vulnerabilities, respond only with: ""","<INFO> Incorrect Signer Verification Identified.""
For each vulnerability identified, use the following format:
```
VULNERABILITY NAME or TYPE
'''
DETAILED DESCRIPTION of the vulnerability, AND recommended mitigation/fix with no upgrade code
'''
```
If you don't find any vulnerabilities, respond only with: ""","<INFO> Order of Inheritance Initialization Identified.""
For each vulnerability identified, use the following format:
```
VULNERABILITY NAME or TYPE
'''
DETAILED DESCRIPTION of the vulnerability, AND recommended mitigation/fix with no upgrade code
'''
```
If you don't find any vulnerabilities, respond only with: ""","<INFO> Impracticality of Exact Match Identified.""
For each vulnerability identified, use the following format:
```
VULNERABILITY NAME or TYPE
'''
DETAILED DESCRIPTION of the vulnerability, AND recommended mitigation/fix with no upgrade code
'''
```
If you don't find any vulnerabilities, respond only with: ""","<INFO> Inconsistent Base Tokens Identified.""
For each vulnerability identified, use the following format:
```
VULNERABILITY NAME or TYPE
'''
DETAILED DESCRIPTION of the vulnerability, AND recommended mitigation/fix with no upgrade code
'''
```
If you don't find any vulnerabilities, respond only with: ""","<INFO> Handling Partial Withdrawals Identified.""
For each vulnerability identified, use the following format:
```
VULNERABILITY NAME or TYPE
'''
DETAILED DESCRIPTION of the vulnerability, AND recommended mitigation/fix with no upgrade code
'''
```
If you don't find any vulnerabilities, respond only with: ""","<INFO> Fallback Function Identified.""
For each vulnerability identified, use the following format:
```
VULNERABILITY NAME or TYPE
'''
DETAILED DESCRIPTION of the vulnerability, AND recommended mitigation/fix with no upgrade code
'''
```
If you don't find any vulnerabilities, respond only with: ""","<INFO> Unlimited Token Approval Identified.""
For each vulnerability identified, use the following format:
```
VULNERABILITY NAME or TYPE
'''
DETAILED DESCRIPTION of the vulnerability, AND recommended mitigation/fix with no upgrade code
'''
```
If you don't find any vulnerabilities, respond only with: ""","<INFO> Lack of Input Validation Identified.""
For each vulnerability identified, use the following format:
```
VULNERABILITY NAME or TYPE
'''
DETAILED DESCRIPTION of the vulnerability, AND recommended mitigation/fix with no upgrade code
'''
```
If you don't find any vulnerabilities, respond only with: ""","<INFO> DoS Vulnerability Identified.""
For each vulnerability identified, use the following format:
```
VULNERABILITY NAME or TYPE
'''
DETAILED DESCRIPTION of the vulnerability, along with recommended mitigation measures or fixes that do not require code upgrades.
'''
```
If you don't find any vulnerabilities, respond only with: """
,,,,,,,,,,,,"<INFO> Lack of Withdrawal Function Identified.
```

[2024-10-08 20:07:36 INFO] **[Seminar Conclusion]**:

 Upon thorough inspection of the provided contract code, I have conducted a detailed analysis focusing on the presence and security of a withdrawal function. Here are the findings:

1. **Withdrawal Function Examination**: The contract `BurnMathTest` does not contain any functions that allow users to withdraw their deposited funds. The functions `getAsset` and `getCollateral` are purely for retrieving values based on the provided state and liquidity input, but they do not facilitate any withdrawal of assets or Ether.

2. **Scanning for Withdrawal Functions**: There are no functions related to withdrawing Ether or other assets present in the contract. The absence of such functions means that users cannot retrieve their funds once deposited, which is a critical oversight.

3. **Best Practices Evaluation**: Since there is no withdrawal function, there is no opportunity to evaluate the implementation against best practices such as the Checks-Effects-Interactions pattern or to assess for vulnerabilities like reentrancy attacks.

4. **Impact Assessment**: The lack of a withdrawal function poses a significant risk to users who may deposit funds into this contract. Without a secure mechanism to withdraw their assets, users are left with no recourse to access their funds, which can lead to loss of trust and potential financial harm.

Given these findings, I conclude with the following:

```
",,,,,,,,,,,,,,,,,,,,,,,,,,,,
,,,,,,,,,,,,"<INFO> Lack of Withdrawal Function Identified.
```

[2024-10-08 20:07:36 INFO] **[Execute Detail]**

execute SimplePhase:[LackAuthorizationDetector] in ComposedPhase:[CodeReview], cycle 1

[2024-10-08 20:07:36 INFO] System: **[chatting]**

| Parameter | Value |
| --- | --- |
| **task_prompt** | // SPDX-License-Identifier: MIT pragma solidity =0.8.4; import {BurnMath} from '../../libraries/BurnMath.sol'; import {IPair} from '../../interfaces/IPair.sol'; contract BurnMathTest {     function getAsset(         IPair.State memory state,         uint256 liquidityIn     ) external pure returns (uint128 assetOut) {         return BurnMath.getAsset(             state,             liquidityIn         );     } function getCollateral(     IPair.State memory state,     uint256 liquidityIn ) external pure returns (uint128 collateralOut) {     return BurnMath.getCollateral(         state,         liquidityIn     ); }  } |
| **need_reflect** | False |
| **assistant_role_name** | Security Analyst |
| **user_role_name** | Solidity Programming Expert |
| **phase_prompt** | Given the user's task and the brainstorming ideas provided: Task: ""{task}"". Ideas: ""{ideas}"". As the {assistant_role}, your primary objective is to perform a thorough and detailed inspection of the provided contract code, with a particular focus on identifying vulnerabilities related to Lack of Authorization. This type of vulnerability occurs when functions are accessible to unauthorized users, leading to potential misuse and exploitation of contract functionalities. Proceed with the following steps in your analysis: 1. Scrutinize the contract's code to identify all functions that modify the state of the contract or perform sensitive operations. 2. Determine if each identified function has appropriate access control mechanisms, such as onlyOwner, onlyAdmin, or other custom modifiers that restrict access to authorized users only. 3. Look for any functions that do not have explicit access control modifiers and assess whether their unrestricted access could lead to unauthorized actions. 4. Evaluate the current access control setup for potential bypasses or weaknesses that could allow unauthorized users to call restricted functions. If you discover any Lack of Authorization vulnerabilities, respond with: "" Lack of Authorization Identified."" For each vulnerability identified, use the following format: VULNERABILITY NAME or TYPE ''' DETAILED DESCRIPTION of the vulnerability, AND recommended mitigation/fix with no upgrade code ''' If NO Lack of Authorization vulnerabilities are found, respond only with: "" NO Lack of Authorization."" |
| **phase_name** | LackAuthorizationDetector |
| **assistant_role_prompt** | {chatdev_prompt} You are Security Analyst. Now, we are both working at ChatDev and share a common interest in collaborating to successfully execute a marketing strategy for a new customer. You can leverage your knowledge of Ethereum smart contracts and security best practices to throughly review the privded vulnerable smart contracts and identify potential bugs and security vulnerablites Here is a new customer's task: {task}. To complete the task,  you must write a response that appropriately solves the requested instruction based on your expertise and customer's needs. |
| **user_role_prompt** | {chatdev_prompt} You are Solidity Programming Expert. Now, we are both working at ChatDev and share a common interest in collaborating to successfully execute a marketing strategy for a new customer. You can analyze the code structure, logic, and implementation details of the contracts. You have extensive computing and coding experience in Solidity programming language. Here is a new customer's task: {task}. To complete the task,  you must write a response that appropriately solves the requested instruction based on your expertise and customer's needs. |
| **chat_turn_limit** | 1 |
| **placeholders** | {'cycle_num': 1, 'modification_conclusion': '', 'cycle_index': 1, 'task': ""// SPDX-License-Identifier: MIT\npragma solidity =0.8.4;\n\nimport {BurnMath} from '../../libraries/BurnMath.sol';\nimport {IPair} from '../../interfaces/IPair.sol';\n\ncontract BurnMathTest {\n    function getAsset(\n        IPair.State memory state,\n        uint256 liquidityIn\n    ) external pure returns (uint128 assetOut) {\n        return BurnMath.getAsset(\n            state,\n            liquidityIn\n        );\n    }\n\n    function getCollateral(\n        IPair.State memory state,\n        uint256 liquidityIn\n    ) external pure returns (uint128 collateralOut) {\n        return BurnMath.getCollateral(\n            state,\n            liquidityIn\n        );\n    }\n}"", 'ideas': ' Lack of Withdrawal Function Identified.\n```'} |
| **memory** | No existed memory |
| **model_type** | ModelType.GPT_4_O_MINI |

[2024-10-08 20:07:36 INFO] System: **[RolePlaying]**

| Parameter | Value |
| --- | --- |
| **assistant_role_name** | Security Analyst |
| **user_role_name** | Solidity Programming Expert |
| **assistant_role_prompt** | {chatdev_prompt} You are Security Analyst. Now, we are both working at ChatDev and share a common interest in collaborating to successfully execute a marketing strategy for a new customer. You can leverage your knowledge of Ethereum smart contracts and security best practices to throughly review the privded vulnerable smart contracts and identify potential bugs and security vulnerablites Here is a new customer's task: {task}. To complete the task,  you must write a response that appropriately solves the requested instruction based on your expertise and customer's needs. |
| **user_role_prompt** | {chatdev_prompt} You are Solidity Programming Expert. Now, we are both working at ChatDev and share a common interest in collaborating to successfully execute a marketing strategy for a new customer. You can analyze the code structure, logic, and implementation details of the contracts. You have extensive computing and coding experience in Solidity programming language. Here is a new customer's task: {task}. To complete the task,  you must write a response that appropriately solves the requested instruction based on your expertise and customer's needs. |
| **task_prompt** | // SPDX-License-Identifier: MIT pragma solidity =0.8.4; import {BurnMath} from '../../libraries/BurnMath.sol'; import {IPair} from '../../interfaces/IPair.sol'; contract BurnMathTest {     function getAsset(         IPair.State memory state,         uint256 liquidityIn     ) external pure returns (uint128 assetOut) {         return BurnMath.getAsset(             state,             liquidityIn         );     } function getCollateral(     IPair.State memory state,     uint256 liquidityIn ) external pure returns (uint128 collateralOut) {     return BurnMath.getCollateral(         state,         liquidityIn     ); }  } |
| **with_task_specify** | False |
| **memory** | No existed memory |
| **model_type** | ModelType.GPT_4_O_MINI |
| **background_prompt** | We are a specialized team that audits Solidity smart contracts using an advanced multi-agent system. Our approach combines the expertise of project management, smart contract counseling, auditing, and Solidity programming to deliver comprehensive and reliable contract assessments. |

[2024-10-08 20:07:36 INFO] Solidity Programming Expert: **[Start Chat]**

[We are a specialized team that audits Solidity smart contracts using an advanced multi-agent system. Our approach combines the expertise of project management, smart contract counseling, auditing, and Solidity programming to deliver comprehensive and reliable contract assessments.
You are Security Analyst. Now, we are both working at ChatDev and share a common interest in collaborating to successfully execute a marketing strategy for a new customer.
You can leverage your knowledge of Ethereum smart contracts and security best practices to throughly review the privded vulnerable smart contracts and identify potential bugs and security vulnerablites
Here is a new customer's task: // SPDX-License-Identifier: MIT
pragma solidity =0.8.4;

import {BurnMath} from '../../libraries/BurnMath.sol';
import {IPair} from '../../interfaces/IPair.sol';

contract BurnMathTest {
    function getAsset(
        IPair.State memory state,
        uint256 liquidityIn
    ) external pure returns (uint128 assetOut) {
        return BurnMath.getAsset(
            state,
            liquidityIn
        );
    }

    function getCollateral(
        IPair.State memory state,
        uint256 liquidityIn
    ) external pure returns (uint128 collateralOut) {
        return BurnMath.getCollateral(
            state,
            liquidityIn
        );
    }
}.
To complete the task,  you must write a response that appropriately solves the requested instruction based on your expertise and customer's needs.]

Given the user's task and the brainstorming ideas provided:
Task: ""// SPDX-License-Identifier: MIT
pragma solidity =0.8.4;

import {BurnMath} from '../../libraries/BurnMath.sol';
import {IPair} from '../../interfaces/IPair.sol';

contract BurnMathTest {
    function getAsset(
        IPair.State memory state,
        uint256 liquidityIn
    ) external pure returns (uint128 assetOut) {
        return BurnMath.getAsset(
            state,
            liquidityIn
        );
    }

    function getCollateral(
        IPair.State memory state,
        uint256 liquidityIn
    ) external pure returns (uint128 collateralOut) {
        return BurnMath.getCollateral(
            state,
            liquidityIn
        );
    }
}"".
Ideas: "" Lack of Withdrawal Function Identified.
```"".
As the Security Analyst, your primary objective is to perform a thorough and detailed inspection of the provided contract code, with a particular focus on identifying vulnerabilities related to Lack of Authorization. This type of vulnerability occurs when functions are accessible to unauthorized users, leading to potential misuse and exploitation of contract functionalities.
Proceed with the following steps in your analysis:
1. Scrutinize the contract's code to identify all functions that modify the state of the contract or perform sensitive operations.
2. Determine if each identified function has appropriate access control mechanisms, such as `onlyOwner`, `onlyAdmin`, or other custom modifiers that restrict access to authorized users only.
3. Look for any functions that do not have explicit access control modifiers and assess whether their unrestricted access could lead to unauthorized actions.
4. Evaluate the current access control setup for potential bypasses or weaknesses that could allow unauthorized users to call restricted functions.
If you discover any Lack of Authorization vulnerabilities, respond with: """,,,,,,,,,,,,,,,,,,,,,,,,,,,,
